P_Accountnumber
10100618008484
10100618008476
10110004548467
10110006251417
10110016005102
10100618010761
10110001985316
10100618959215
10041000135491
10032000254938
10100618013070
10100618013534
10100618014037
10100618014326
10100618017477
10100618018129
10100618147548
10100618019176
10100618019382
10100618019564
10100618019762
10100618022493
10100618023277
10100618023319
10100618024655
10100618025421
10100618025462
10100618026825
10100618029068
10100618028474
10100618028771
10100619020108
10100618030629
10100618030777
10100618030843
10100618030892
10100618031254
10100618033417
10100619200981
10100618034340
10100618330136
10100618682163
10110006222988
10100618036592
10100618038176
10110011074129
10100618038580
10100618043317
10110005045448
10100618044521
10042000135707
10100618045445
10110005165006
10110021654748
10100618046203
10100618048142
10100618048183
10100618048043
10100618048217
10110012364255
10100618048456
10100618078933
10100618049504
10100618075566
10100618050452
10100618051179
10110011298751
10100618052573
10032000154104
10110010496612
10100618053803
10100618053464
10110011664390
10100618055485
10100618058380
10100618059420
10100618060063
10100618060345
10100618060378
10100618060857
10100618060881
10100618061046
10100618062697
10100618062747
10100618063653
10100618063844
10110000952259
10100618064461
10100618064776
10100618064834
10100618065922
10110023397593
10110013485695
10100618069205
10110010827964
10110002613685
10100618069726
10100618069981
10100619136797
10110019292012
10110019292061
10100618071979
10100618072357
10100618072738
10100618073454
10100618074403
10100618074312
10100618076069
10100618076143
10100618076838
10100618076846
10100618077570
10100618077406
10110013713492
10110024290904
10100618078099
10100618078305
10100618078297
10100618078479
10100618078743
10100618799462
10100618079170
10100618080640
10100618082646
10100618082083
10100618084097
10110003883709
10100618084584
10110017154537
10100618086597
10110004133468
10100618086803
10110006682512
10100618087975
10100618124174
10100618090375
10100618090458
10110001305960
10100618091365
10100618091787
10100618091530
10151000406017
10100618091480
10100618091837
10100618091555
10100618091753
10100618092124
10100618092256
10110008846669
10100618094831
10100618095176
10100618098097
10100618096596
10110001787209
10110019250374
10100618098121
10100618098071
10100618098386
10100618098337
10110003922051
10100618098659
10110021893940
10100618100034
10100618101024
10100618392417
10100618101396
10110009740812
10100618101826
10100618101941
10110003251329
10110003108750
10342020158378
10341000158378
10100618103780
10110014016804
10100618104275
10110007912447
10100618105819
10100618107138
10110011379262
10100618108433
10100618108524
10100618109563
10100618110330
10100618110371
10100618651267
10110015735386
10110005061031
10100618114233
10100618114308
10100618116212
10100618116394
10110007133747
10110001506823
10110007565732
10100618119232
10100618121733
10100618122384
10100618122301
10100618123085
10100618123143
10100618123416
10110005769179
10110023215704
10100618124398
10100618124422
10100619616517
10100618125072
10110004042370
10110015432760
10100618129397
10100618129389
10100618166100
10100618130536
10100618130544
10110000643924
10100618131757
10100618131765
10110008087249
10100618134066
10110013763786
10100618136350
10100618137846
10100618138067
10100618138331
10100618138885
10100618138992
10100618140105
10100618141939
10100618143174
10100618143059
10100618179558
10110003697943
10100618592453
10110003360898
10100618151342
10110019564352
10100618154502
10100618154494
10100618154866
10100618155723
10110007948219
10110007882681
10100618157539
10110004867198
10100618159634
10100618159725
10110003564002
10100618160566
10100618160392
10110009163403
10110013574795
10100618164360
10100618165565
10100618165870
10100618473837
10100618166761
10110010530758
10100618170342
10100618174500
10100618176307
10100618183790
10110016022230
10110013877511
10100618185209
10100618185266
10100618186215
10100618186207
10100618186405
10100618186751
10110005887914
10110009693755
10110001103050
10100618187627
10110010939025
10110006682306
10110006682330
10110013173960
10100618191637
10100618192064
10100618192734
10100618192973
10100618195513
10110001309418
10100618196420
10100618196446
10100618814394
10100618196917
10110005291083
10100618198913
10100618200164
10100618200404
10100618200552
10100618202228
10100618207193
10100618207185
10100618208415
10100618209520
10110005961024
10100618211070
10100618462020
10100619228586
10110004040101
10100618212953
10100618213449
10100618213464
10100618216434
10100618216442
10100618649808
10100618217325
10110001735927
10100618217630
10100618217796
10100618218794
10100618219933
10100618221095
10100618221079
10110004261772
10110011408988
10100618222697
10100618222671
10110021799469
10110003337821
10110006234835
10100618222978
10100618223554
10110000850842
10100618224420
10110003042264
10100618227662
10100618230443
10100618232100
10110009059171
10110019897356
10100618233116
10110002369734
10100619415571
10110004269965
10110005576202
10110005576012
10100618238081
10110002277796
10100618238669
10110003075546
10142000381905
10100618241929
10100618242000
10100618241978
10110004606638
10110000093815
10110015103205
10100618243818
10100618244139
10100618245391
10110004554812
10100618246282
10100618246480
10100618246993
10100618246951
10110016250328
10100618246787
10100618247124
10100618247140
10100618247561
10100618248163
10100618248296
10100618248841
10100618249070
10100618249914
10100618249799
10110005733191
10100618250201
10100618250243
10042000544411
10032010210831
10110011664648
10100618251431
10110000516997
10110008158024
10110000517003
10110015288303
10100618251647
10100618252082
10110019356478
10110003805462
10100618253411
10110013215191
10100618588097
10100618253759
10100618253767
10100618255150
10100618263840
10100618388621
10100618255887
10110005881339
10100618256349
10100618257156
10101000454710
10102000454710
10100618258642
10100618259129
10100618260028
10110000819284
10100618276420
10100618262149
10110002040244
10100618262511
10110006514038
10100618264707
10100618265415
10100618266066
10110002898765
10100618266306
10100618266173
10100618266355
10022010117507
10100618266199
10100618266256
10100618266314
10100618266835
10110006716120
10100618267825
10100618267833
10181006055768
10100618270415
10100618271074
10100618272163
10110012864437
10110003907987
10100618273138
10110002979680
10110018912024
10100618274417
10100618274789
10110008478919
10100618275885
10100618276313
10110003148483
10100618445389
10110010084632
10100618278541
10100618278871
10100618279952
10110010677039
10110010676999
10100618279374
10100618279226
10110022669208
10100618279473
10100618280398
10100618280570
10100618280679
10110001382779
10100618280703
10100618282121
10110000079095
10110002125607
10110004080420
10100618285967
10100618287567
10110005539101
10110006708119
10110006708143
10100618288938
10100618288979
10100618289787
10100618289910
10100618289936
10100618291924
10110006914113
10100618294977
10110007241847
10100618296584
10100618299091
10100618299075
10100618299216
10100618303133
10100618304198
10100618304883
10100618306474
10110005145115
10100618308504
10110004743688
10100618310500
10100618310534
10100618310633
10100618311110
10100618392003
10110002632099
10100618313801
10110022726313
10100618313389
10100618313918
10110021084417
10100618315079
10100618316291
10100618317000
10100618317075
10100618317588
10100618319121
10100618319410
10100618344335
10100618322042
10100614034302
10100614034369
10100618324899
10100618324386
10110005838990
10100618324311
10100618325334
10100618326993
10100618327009
10110006371496
10100618328577
10110006415269
10100618448607
10110027211816
10110000359141
10100618334781
10100618335366
10100618336067
10100618336208
10100618336687
10110013865078
10100618337008
10100618338832
10100618340846
10100618341919
10100618343337
10110007643711
10100618345357
10100618345811
10100618345852
10100618346207
10100618346876
10100618346843
10100618348252
10100618350860
10100618351413
10100618351967
10100618352163
10100618352585
10100618352528
10100618352510
10100618354169
10100618354060
10100618354052
10100618354391
10100618354839
10100618355166
10100618355323
10100618355315
10101000150540
10102000150540
10110023815784
10110002139533
10100618355406
10100618355422
10100618355463
10100618355489
10100618357527
10100619612029
10100618360489
10100618360745
10100618362287
10100618374159
10100618364747
10100618421034
10100618367591
10100618367963
10100618368128
10110005523030
10100618369753
10110024988168
10100618709446
10110024988143
10100618373011
10100618374217
10100618376584
10100618377020
10100618378523
10110002573244
10100618379646
10110022132777
10110016985659
10100618380479
10100618380719
10100618384208
10100618384190
10100618384604
10100618384588
10100618384695
10110005878103
10100618773582
10100618386724
10100618386906
10100618388241
10110019941204
10100619289505
10100619071408
10100618388894
10100618389215
10100618389603
10100618389611
10110019872458
10110005846662
10100618391237
10100618391682
10100618391658
10100618413940
10110001024330
10100618395337
10100618395402
10100618395592
10100618396335
10100618397093
10100618397291
10100618397473
10100618398646
10110001014786
10100618401192
10100618402638
10100618402570
10100618403990
10110006494314
10110009322777
10100618404501
10100618405045
10100618404907
10100618406266
10100618406381
10100618406688
10110021666361
10100618407678
10100618407736
10100618408494
10100618410219
10100618410193
10110011903806
10100618412918
10110016947592
10110017833833
10011000193250
10012020193250
10110003591195
10100618415051
10100618415069
10100618416091
10100618417479
10100618417594
10110009876731
10100618418543
10100618418766
10110005675004
10110005674981
10100618420523
10100618421315
10100618422065
10100618422016
10110003667557
10110006262398
10100618422610
10110008626426
10100618422867
10110017348816
10110016083158
10110016083232
10110016083190
10100618427023
10110004351946
10110012876472
10100618430621
10100618430985
10110015897509
10100618433112
10100618433120
10100618436685
10100618433765
10100618433872
10100618434938
10110002854297
10100618435406
10100618437220
10100618438673
10110012090389
10100618438434
10100618438558
10100617685183
10100618439648
10100618440273
10100618440398
10110007427750
10100618441446
10100618442014
10100618442790
10110005647409
10110017696529
10100618443566
10100618443590
10100618443640
10100618443582
10100618443947
10100618444028
10100618444606
10100618444739
10100618446411
10100618446791
10100618449043
10100618449100
10100618449308
10100618450116
10100618451676
10110008947723
10100618456378
10100618456576
10110002513380
10100618457111
10110020334979
10100618458259
10100618458267
10100618458663
10100618458630
10100618459281
10100618459331
10100618459646
10100618666992
10100618461188
10100618461063
10100618462426
10100618463549
10110001453083
10100618464240
10100618464273
10100618466161
10110022257756
10100618469207
10110023282787
10100618471419
10110013614062
10100618472771
10100618473746
10100618473795
10110003277605
10100618581415
10100618475220
10100618476533
10100618478570
10100618480485
10100618480055
10100618791394
10100618508228
10110010729996
10110010729970
10100618483653
10100618484735
10100618484891
10100618484859
10100618486508
10100619023144
10100618891244
10100618486961
10100618488413
10100618489353
10100618489585
10100618492001
10100618492522
10110022584134
10100618492258
10110007487994
10110004277653
10110001851104
10110004126660
10110005929260
10100618493868
10100618496093
10110015368097
10100618497828
10142010187815
10141000187815
10100618498198
10100618498842
10100618498982
10100618499386
10110017421282
10100618500969
10100618501041
10100618500597
10100618500696
10100618501546
10100618503476
10100618503617
10100618506578
10100618506701
10110013151248
10100618506974
10100618506982
10100618507303
10100618507386
10100618507766
10100618507725
10100618508806
10110000135327
10100618509846
10100618509978
10100619473182
10110000013490
10100618510679
10110013138138
10110003096922
10100618513962
10100618685505
10100618515330
10100618515819
10100618517534
10100618516403
10110009471004
10110009470998
10100618520124
10100618520710
10100618520702
10110014757571
10100618522369
10100618522310
10100618523086
10100618523078
10110003544251
10100618526659
10100618527558
10110000123869
10100618789794
10100618528465
10110014313771
10100618528903
10110017533771
10100618532368
10100618532830
10100618532939
10110004317772
10100618534182
10100618534174
10110027347636
10032000645051
10100618536997
10100618536955
10100618537698
10100618537870
10110017875560
10110007946775
10100618539918
10100618540890
10100618540874
10100618540973
10110006488753
10042000583989
10100618543142
10110017758451
10100618543894
10100618543704
10110023532777
10100618545873
10100618547150
10100618547176
10110009097403
10100618547671
10100618547697
10100618547705
10110006801450
10100619001934
10100618549545
10110019156456
10100618613481
10100618551780
10100618552846
10100618556367
10100618556524
10100618556581
10100618556821
10100618556763
10110021935287
10100618557274
10100618558637
10100618558611
10100618559403
10100618559411
10110018147217
10100618561383
10100618562209
10100618562274
10100618562282
10110003367778
10100618563058
10100618563074
10110007701758
10100618564908
10110017306566
10100618565186
10100618566622
10110003496106
10100618570483
10110000754622
10100618978066
10100618571382
10100618572190
10100618572331
10110002764546
10100618573735
10100618574469
10151010419234
10110006513915
10100618802902
10100618575599
10100618576159
10110013138989
10100618577058
10100618577199
10100618579476
10100618579054
10100618579179
10100618579187
10100618579864
10110005069166
10110007200462
10100618580433
10100619268756
10110015390265
10100619108564
10110016166979
10100618582710
10100618582827
10100618583049
10042000219873
10100618583361
10110000969964
10110015451125
10100618636177
10110004222758
10100618586570
10110013991957
10100618586877
10100618590317
10110001125863
10110008609547
10110008609687
10100618595381
10100618595605
10100618596165
10110010471045
10110004304242
10110004765301
10100618600694
10100618600736
10100618601866
10110022674018
10100618603987
10110022777282
10100618604407
10100618604837
10100618605313
10100618605818
10031000626267
10110005249800
10110004492302
10110001741123
10100618610958
10100618611485
10100618611501
10100618612095
10100618612665
10100618979254
10100618613069
10100618613416
10100618613705
10100618613960
10100618614281
10110015998547
10100618618597
10100618618639
10110004972337
10110004972303
10100618618951
10100618626509
10100618620924
10100618621518
10110015151394
10100618623365
10100618623480
10100618625063
10100618625626
10100618626277
10100618625956
10100618626285
10100618626699
10100618626905
10100618626863
10100618627465
10100618527830
10041000056218
10110013055993
10100618629867
10110021924554
10100618631004
10100618631012
10100618631186
10100618631707
10100618632317
10100618668675
10100618716946
10100618633455
10100618633349
10110001446301
10100618634495
10100618634776
10100618832495
10100618637464
10100618637910
10100618637951
10110006153480
10110004291845
10110013240942
10100618639676
10100618639833
10100618642951
10100618643595
10100618644064
10100618644379
10100618645624
10100618645665
10110021176932
10100618646507
10100618646788
10100618647505
10100618647653
10100618648420
10100618648297
10100618649360
10100618651853
10110009437377
10100618653909
10110020221101
10100618654980
10110003372778
10110023219524
10110009614744
10100618657389
10110007615750
10100618657611
10100618657900
10100618658106
10110014466462
10110010158972
10100618658429
10100618659385
10100618661258
10100618661332
10100618691909
10100618661902
10100618662231
10100618663510
10110020732099
10100618664716
10110013375086
10110006295570
10142010188086
10232020325779
10100618667198
10100618667339
10100618667164
10100618667834
10100618670598
10110000367979
10100618670499
10100618672735
10110004174280
10110000904896
10100618673113
10110015173315
10110004602165
10100618674699
10100618675001
10100618675258
10110003351616
10100618676785
10110022768356
10110022768364
10110001242163
10110000740712
10110019704735
10100618678260
10100618679037
10100618679250
10100618679532
10110009686981
10110007389661
10100618684151
10100618685844
10100618685356
10100618685604
10100618686917
10100618686933
10100618687436
10100618689382
10110021919331
10100618690323
10110012523181
10100618690364
10100618692618
10110002761286
10232010116111
10100618693046
10100618694408
10100618694275
10110009704602
10100618901431
10100618696700
10100618697013
10100618696866
10100618697138
10100618697328
10100618697658
10100618698342
10100618698359
10100618705956
10100618699241
10110007656283
10110021406875
10110015967872
10100618700007
10100618700635
10100618700650
10100618700957
10100618701278
10100618701377
10100618701443
10100618701591
10110006460687
10100618702581
10100618703076
10110007492929
10100618703704
10100618704470
10100618706483
10100618707416
10110005615752
10110007410772
10100618707887
10100618708364
10100618708323
10100618709289
10100618690281
10110008889016
10100618710832
10100618329765
10100618711541
10100618711624
10100618712804
10100618712770
10100618850851
10100618714362
10100618714388
10100618715047
10110001544345
10100618715799
10100618715823
10110010527739
10100618716292
10100618717035
10100618717902
10100618738544
10110008702912
10110007749773
10100618720047
10100618722522
10100618722548
10100618724130
10110000983981
10100618724288
10100618724544
10100618725517
10100618724825
10100618724791
10100618725087
10100618725277
10100618725228
10100618727901
10100618729063
10100618730145
10100618730137
10110003429628
10110016497549
10110022322063
10100618731911
10100618732596
10110006537245
10100618733065
10100618733289
10100618733297
10100618733768
10100618734626
10100619001579
10100618735771
10110004585311
10100618736142
10100618736845
10100618736837
10100618739237
10100618739229
10100618741365
10100618742371
10100618744385
10100618744260
10100618744690
10100618746018
10100618746224
10100618747248
10100618994402
10110002956852
10110005672464
10110017376205
10110001926609
10100618751703
10100618794042
10100618754137
10100619064585
10100618756124
10100618757254
10100618757338
10110003281581
10100618758971
10110005275730
10110005275789
10100618759987
10100610538702
10110006190938
10100618761330
10100618761348
10100618761553
10100618761801
10100618764771
10100618764896
10100618866881
10100618765802
10100618765810
10110026736631
10100618766081
10100618766933
10110005703145
10110006238240
10110009872888
10100618769200
10100618771040
10100618771263
10110020713354
10100618771420
10100618771438
10100618771701
10100618772907
10100618774952
10110021830884
10110020794016
10110013211109
10110004113544
10110005263538
10100618778250
10100618781403
10100618782732
10110001349752
10100618785875
10100619511445
10100618786444
10100618786840
10100618786857
10110012606267
10100618791329
10110003106218
10100618793093
10100618795312
10110005124359
10100618796211
10100618796427
10100618797151
10100618798746
10100618799207
10100618800047
10100618842981
10100618801516
10100618801896
10100618801912
10100618801961
10100618802027
10110006636401
10110006636443
10110000060426
10110008849176
10031000061408
10110003825999
10100617749989
10110021420744
10110009511841
10110013509130
10100618804429
10110013073764
10100618805301
10100618805335
10110004343042
10110003563509
10100618809220
10110006551675
10110021469212
10100618809576
10100618809774
10100618810871
10100618811549
10110007281306
10110013528163
10110013528155
10110001507888
10110007952054
10110008408130
10110000383596
10110001318716
10100618816803
10110024724761
10100618818635
10110001435882
10100618820078
10100618820441
10100618822264
10100618822447
10110008483133
10100618913592
10100618913618
10100618822827
10100618823759
10100618825150
10110010234716
10110005767454
10100618825572
10110003006376
10100618825838
10100618828881
10110002643161
10110020915108
10100618829814
10110020914317
10100618829848
10110002043883
10100618831109
10100618832511
10100618833071
10100618833535
10100618833196
10110002380053
10110001574953
10100618833386
10100618833360
10100618835167
10110005503206
10100618837098
10100618837486
10100618837635
10100619662735
10110022119527
10110022108819
10100618838740
10100618840613
10100618842999
10100618843161
10100618880718
10110001503168
10110001126929
10100618844474
10100618844953
10100618845406
10100618845349
10100619327354
10100619108796
10100618847352
10100618847600
10110009699562
10110015470802
10100618848707
10100618849416
10100618881641
10110002845295
10110003282357
10100619158924
10100618852220
10110019763780
10110000725234
10110008800518
10100618854960
10100618854978
10100618855553
10100618856478
10232000243022
10110028229866
10100619010083
10100618860066
10110005254859
10100618859605
10100618859688
10100618860009
10100618861759
10100618862062
10100618862583
10100618862898
10100618863730
10100618865495
10100618865875
10110013586674
10110001718170
10100618867889
10110027848138
10110002919181
10100618868507
10110017178346
10110017178619
10100618871311
10100618871691
10110023177441
10100618872798
10110017806300
10110017989932
10100618873507
10100618873549
10100618875494
10100618877052
10100618877078
10110003992575
10100618877300
10100618878761
10110020289835
10100619298332
10100618879348
10100618881153
10100618881567
10100618882896
10100618885063
10100618885527
10100618886046
10100618889339
10100618889743
10100618889800
10100618889891
10100618889883
10100618890600
10110022158814
10100618891012
10100618894370
10110008599474
10110008599201
10110002797561
10110003885043
10100618895203
10100618896763
10110013516820
10100618897266
10100618897258
10100618897852
10100618899072
10110017553829
10110005841051
10100618901241
10110027160823
10100618901332
10100618903213
10100618903833
10100618904989
10110009027400
10100618906018
10100618906042
10100618906505
10100618907230
10100618907990
10100618908675
10110007991151
10100618912966
10110006719363
10100618914715
10100618915316
10100618915597
10100618916108
10100618916652
10100618916751
10100618916744
10100618916868
10100619114455
10110011628023
10100618919581
10100618919607
10110000793992
10110004159828
10100618921009
10110027277874
10100618923336
10100618923401
10100618923989
10110004405437
10110016402077
10110000634378
10100618926123
10110014837415
10011000042259
10013300042259
10100618927220
10100618927311
10100618927725
10110002088136
10100618928640
10110003408630
10100618930240
10110002974012
10100618930190
10110006912885
10110013911344
10110018680662
10110018680670
10100618931743
10100618984569
10100618997348
10100618945875
10100618934036
10100618933756
10100618936650
10100618936700
10110026185649
10100618938540
10100618938433
10100618938862
10100618939258
10011000045161
10100618940306
10100618942138
10100618943045
10100618944878
10100618945578
10110009418369
10100618945685
10100618945859
10100618945909
10100618947483
10100618949232
10100618950784
10110013043445
10100618951006
10110018262842
10110005154299
10100618951246
10100618951311
10100618951873
10100618951642
10110004113361
10100618952012
10100618956005
10100618958167
10100618958019
10110012155604
10110011717628
10100618958191
10100618958340
10100618958670
10100618958746
10100618958928
10100618958902
10110013119617
10100618959603
10100618960510
10100618961385
10100618961773
10110012813772
10100618962029
10110010854992
10100618962102
10110012674695
10110006035240
10100618962474
10110007223522
10100618962581
10100618962656
10100618963423
10100618963886
10100618963803
10100618964132
10100618964991
10100618965410
10100618966541
10100618968745
10100618968760
10110003123387
10100618970147
10100618970022
10110027262363
10100618971137
10100618971509
10100618972218
10100618972234
10100618973091
10110010776542
10110010776567
10100618973521
10110001335348
10100618973950
10100619062399
10100618979502
10100618979569
10110006596043
10100618980443
10110010056630
10110010056648
10100618981060
10100618981276
10021000156653
10022000802587
10110010710970
10110026890669
10100618981714
10100618981904
10100618982001
10100619117342
10100619117367
10100618982050
10100618982548
10100618982803
10100618983124
10100618985293
10100618986911
10100618986879
10110008036162
10100618987539
10100618989030
10110007082944
10100618990228
10100618990236
10100618991804
10110001367671
10110008568479
10100618996068
10100618996241
10100618997413
10100618997488
10100618997645
10100618998858
10100618998940
10100618999278
10110022460863
10100618999344
10110022460848
10110022460756
10110022460780
10110022460749
10110022460731
10110022460954
10100618999534
10100619000563
10110027837644
10100619001967
10100619002189
10100619002700
10100619004789
10100619004813
10100619005752
10100619007212
10110007930860
10100619009515
10100619009846
10110006442586
10100619011099
10100619011735
10100619012006
10100619012162
10100619517236
10110014420493
10100619345018
10100619013046
10100619015801
10110008052128
10100619016346
10110010555516
10110021399724
10100619017088
10110016825947
10100619017187
10100619325960
10100619019282
10100619019407
10100619019977
10110005506498
10100619020082
10100619023672
10100619024928
10110021500263
10110021500297
10100619027392
10110004292751
10012000074302
10100619028077
10100619028465
10100619287830
10100619036989
10100619101411
10100619037128
10100619037102
10110003172749
10100619038191
10100619038258
10110021708973
10100619038498
10100619039348
10100619042326
10100619042318
10100619043027
10100619043019
10100619049313
10110005845508
10110010067652
10100619046905
10100619047192
10100619047317
10100619048695
10100619051020
10100619052283
10110005185764
10100619056508
10110002990638
10100619065053
10100619065350
10100619065384
10100619066713
10100619066721
10100619342031
10100619068263
10100619068792
10100619069691
10100619069899
10110013647658
10100619071788
10100619073768
10110013110947
10100619076894
10102000070714
10101000070714
10110001862341
10100619078205
10100619079625
10110022140853
10100619081001
10100619081019
10110002840585
10100619107467
10110005952981
10100619083031
10100619084369
10100619084351
10100619084682
10100619084807
10100619085051
10100619085556
10100619087370
10100619088766
10100619089343
10100619089301
10100619089624
10110002218063
10110007625262
10100619090309
10100619090317
10110006141766
10110010765172
10100619091224
10100619091216
10100619091240
10100619091372
10100619091471
10110011114743
10100619092081
10100619095704
10100619095951
10100619096009
10100619096066
10100619097973
10100619098096
10100619098617
10100619099466
10110022779106
10110013029964
10100619103144
10110007167752
10110006531461
10110002953404
10100619104597
10110007645658
10100619105941
10100619105958
10100619107012
10110007535172
10100619107079
10100619107699
10100619108051
10110013330826
10100619110305
10100619110685
10222030192278
10100619113333
10100619113762
10100619113507
10100619113952
10110000984765
10100619114638
10100619114869
10100619115940
10100619115999
10100619115981
10100619116476
10100619335779
10110005942834
10100619118373
10100619118381
10110001932284
10100619121658
10100619122250
10110000316174
10100619122730
10100619122953
10100619124017
10100619123761
10100619125568
10100619125931
10100619127499
10100619129651
10100619130451
10100619130840
10100619134362
10110003501251
10100619135724
10100619135773
10100619135765
10100619135971
10110018423253
10110008414104
10110022148021
10100619136805
10100619137175
10100619137225
10110004137204
10100619137696
10110020760140
10100619142910
10100619488172
10110001342047
10100619146390
10110004534962
10100619243858
10011000082495
10100619146697
10100619171711
10100619277922
10100619150046
10100619150947
10100619151630
10100619488784
10110022314169
10100619152786
10110005359427
10110005055165
10110004086930
10110020077404
10100619159377
10110004108296
10100619161167
10100619161555
10110015745419
10100619161837
10100619161894
10110005010178
10110006967111
10100619163809
10100619210105
10100619166364
10100619167230
10100619167479
10100619167420
10100619167610
10100619167941
10100619168519
10100619168766
10110023969599
10110002162592
10100619170820
10100619171281
10100619171984
10100619173287
10100619173337
10100619175829
10100619176652
10110018595373
10110012947877
10100619178732
10100619180308
10100619180860
10100619182130
10100619183609
10100619187675
10100619188525
10100619189838
10100619189523
10100619190893
10100619192758
10110013127180
10110009201161
10100619586975
10110000538983
10100619209602
10100619197237
10100619197351
10100619197526
10110007785959
10100619496886
10100619198144
10110003511680
10110001404771
10100619204561
10100619207150
10110000464560
10110004113171
10100619210535
10110002573798
10100619210592
10100619731449
10100619211061
10012010084616
10011000084616
10100619211632
10100619212721
10100619212663
10110014020954
10100619212705
10100619213471
10100619213364
10100619218777
10100619218389
10100619220005
10110007428386
10100619220344
10100619606500
10100619224981
10100619225368
10100619225467
10100619225632
10100619226119
10100619227539
10110017787617
10110018219834
10100619227687
10100619228214
10100619228255
10100619228909
10100619232208
10100619310012
10110010354191
10110013877560
10100619232901
10100619232752
10100619232737
10110008192742
10100619235029
10100619235375
10100619236712
10110016165005
10100619237561
10100619237447
10110009978099
10100619241233
10110005536255
10100619242454
10100619242843
10110007717705
10100619244732
10110004185237
10100619247578
10110008270993
10100619248287
10100619248378
10110014055935
10110020593590
10110004526281
10110006892053
10110005497060
10110017563166
10110021948694
10110009396938
10110006300396
10110016323521
10110008519233
10110004526422
10110022269124
10110017959257
10110013291424
10110016058473
10110022601300
10110007825649
10110012278992
10110018581902
10110019295932
10110010210179
10110018581993
10110013291721
10110005484167
10110013291481
10110006298350
10110017959190
10110003053741
10110016323539
10110006648885
10110019979410
10110010940825
10110020386250
10110019451238
10110009396961
10110008519258
10110011086396
10110008366866
10110017563182
10110010118752
10110011086305
10110006924757
10110004526224
10100619250168
10110008366882
10110010118745
10110006892079
10110020675868
10110010940841
10110005484183
10110023028321
10110003053667
10110006924732
10110014055901
10110010118802
10110016058499
10110021948728
10110010118794
10110023028313
10110013291705
10110022269108
10110006924815
10110006648869
10110020825455
10100619159724
10110004526331
10110022829513
10110014726998
10110020675884
10110005382551
10110022829646
10110023297512
10110005497086
10110006924872
10110020825398
10110020386235
10110014727095
10110005382502
10110018771164
10110018771149
10110023028297
10110012279107
10110006298368
10022010919886
10021000919886
10110022430452
10100619457458
10100619258021
10100619258070
10100619258161
10110009200262
10110008563447
10110002757029
10052000416982
10100619262676
10100619261447
10100619261686
10100619263625
10110014150231
10100619263948
10100619389255
10100619265091
10100619266529
10100619266842
10100619267360
10100619312620
10110013695376
10110026867097
10100619271255
10110005753280
10100619271743
10110009233305
10100619273525
10100619273491
10110015826136
10100619274523
10100619275231
10100619275751
10100619275918
10100619276031
10100619343856
10110000844977
10100619278771
10100619279803
10100619281874
10100619281866
10100619283417
10100619283524
10100619494113
10100619284464
10100619284225
10100619284795
10110007753197
10100619286741
10100619286840
10100619286865
10110001863125
10100619287566
10110005115084
10110019478157
10100619289307
10100619331398
10110004293007
10100619289992
10100619290396
10110014767562
10100619293457
10100619294125
10100619294034
10100619295056
10100619490640
10100619295643
10100619295932
10100619295957
10100619296526
10110009422783
10110022152809
10100619297383
10100619298803
10100619298878
10110008598526
10100619299371
10100619304205
10110027157043
10100619351198
10100619306408
10100619306333
10021000564997
10011000380527
10100619307398
10100619308370
10100619311622
10100619311812
10100619312448
10100619312646
10100619314311
10100619272915
10100619316498
10110017413354
10100619316886
10100619317249
10100619317389
10110002781227
10100619320888
10110011716430
10100619325002
10100619325077
10100619325093
10110012017093
10100619326489
10100619328493
10100619329756
10100619331216
10100619331547
10100619331570
10100619331430
10100619332271
10100619560681
10100619333311
10100619333410
10110008779530
10100619335175
10100619335415
10100619335720
10100619341447
10110012772259
10100619341892
10100619341561
10100619342585
10100619342395
10100619342379
10100619342858
10100619342874
10100619343302
10100619343468
10100619343393
10100619373101
10110002079606
10110018782559
10110018780009
10110003446606
10110003446580
10110010328039
10100619349937
10110003346608
10110003346582
10110005338082
10100619349408
10100619349945
10110010947085
10110005485974
10100619351768
10100619352121
10110025116561
10100619356031
10100619358334
10110003321650
10100619358615
10100619358730
10100619359241
10100619361890
10100619362013
10100619362450
10110001144807
10100619363144
10100619363441
10110000588863
10100619363904
10100619363888
10100619364068
10100619364092
10110015804950
10110015804877
10100619364191
10100619364746
10100619364845
10100619365818
10110009632191
10100619365990
10110015628011
10100619366022
10100619366345
10100619366550
10100619366592
10110023032430
10110016515779
10100619367590
10100619367673
10100619367665
10100619368085
10110002525277
10100619368937
10100619370370
10110001479971
10100619372459
10100619373820
10100619706896
10100619374067
10100619374273
10100619374281
10100619374323
10100619374802
10100619374927
10110016262844
10100619375262
10100619375353
10100619375890
10100619375908
10100619376245
10100619376815
10100619376708
10110008113060
10100619377185
10100619378183
10100619378449
10100619378472
10100619378670
10110002150233
10110002932606
10110013818309
10100619383712
10100619385584
10100619386020
10100619386475
10100619386657
10100619387093
10100619387135
10110010947242
10100619387994
10100619388141
10100619388224
10100619388364
10110015466107
10100619391707
10110020844332
10100619391723
10110012862472
10100619392523
10100619392564
10110006790299
10110019226168
10100619393109
10100619393737
10100619394115
10100619394297
10110005214861
10100619394420
10100619394719
10100619395559
10100619397357
10100619397407
10110007375884
10100619397597
10110011189521
10100619397738
10100619397985
10110000967844
10110000983296
10110000967646
10100619399262
10100619399569
10100619400185
10100619400276
10100619400425
10110011482298
10110001204783
10110013811130
10110001617265
10100619405499
10100619406158
10110005804323
10100619408493
10110013120052
10110001271154
10110013276714
10110001271162
10100619409178
10110022547115
10110001608371
10100619412115
10100619413063
10100619413808
10100619414251
10100619414293
10100619415225
10100619415761
10100619416504
10100619416512
10012000097196
10100619420936
10100619420910
10110008442907
10110016842884
10100619421736
10100619422643
10100619422635
10011000176867
10100619423195
10110019978040
10100619425349
10100619425778
10100619426305
10100619426495
10100619426404
10100619426909
10110008036501
10100619428962
10100619429911
10100619430117
10100619430596
10100619431255
10100619431263
10100619431479
10100619431271
10110002215416
10110004565172
10100619433723
10100619433954
10110010676239
10100619436346
10100619436817
10100619437484
10100619437781
10100619437773
10110012860195
10110008878647
10021000824003
10100619443698
10100619443417
10100619443730
10100619443748
10100619444563
10100619444050
10100619446485
10100619446667
10100619446808
10100619446774
10110005657168
10100619449539
10100619586751
10100619451501
10100619452426
10100619452368
10110004969697
10100619533175
10100619456062
10100619456591
10110020150227
10100619459538
10110001251123
10100619459991
10100619460221
10100619460155
10100619460304
10100619460353
10110001959162
10100619461088
10100619461203
10100619462250
10100619463001
10100619463688
10100619464017
10110020211433
10100619464389
10110016787311
10100619469255
10110014911053
10110012692184
10100619470303
10100619471020
10110010954115
10110010954123
10100619470931
10100619470915
10100619473364
10100619473661
10100619475039
10100619475021
10100619475492
10110004522140
10100619478314
10100619479163
10100619479288
10110005151733
10110003306230
10110013122025
10100619480575
10100619481003
10100619481722
10100619482282
10110005732623
10100619484759
10110000526194
10110001156488
10100619487182
10110012995728
10100619487430
10100619487463
10100619487703
10100619488628
10110000835355
10100619488206
10100619491374
10110008411977
10110010549014
10100619494501
10110012787125
10100619494865
10110009621418
10110009621392
10100619495995
10100619496530
10100619498619
10100619498528
10110009578667
10100619499104
10100619499674
10110016051312
10110018980922
10110006081467
10100619501503
10100619501479
10100619503145
10100619503186
10100619503509
10100619506064
10110013026978
10110000042093
10014000101311
10011000101311
10110010410415
10100619510397
10100619510520
10100619510637
10100619511270
10110002981421
10100619512898
10100619513326
10100619513813
10100619513912
10100619514381
10100619514407
10110001015056
10112000088104
10100619517418
10110022348159
10100619519471
10110008149825
10110016316160
10100619521998
10110000784900
10100619523135
10110010083519
10110021309137
10100619526443
10100619526286
10110019887530
10110000349944
10110003519709
10100619529769
10100619530387
10110000816652
10100619534058
10100619534421
10110002977833
10110010463562
10100619539115
10100619539388
10100619540188
10100619542036
10110024214763
10100619542945
10100619544321
10100619545005
10110017544067
10100619546136
10100619545732
10110013263530
10100619546177
10100619546110
10110013484177
10110003583440
10100619547795
10110011104058
10110011104041
10110001914233
10100619549981
10110002339513
10100619550922
10100619552027
10100619551938
10100619553116
10100619552258
10110000844068
10100619553991
10110000536359
10100619554908
10100619555970
10110023426434
10100619556671
10100619556515
10100619557760
10100619558263
10100619558677
10100619561879
10100619562174
10100619566787
10100619567223
10100619568700
10011000105700
10110002768299
10110002967982
10100619570847
10110026726269
10100619574039
10100619727801
10100619727785
10110011032382
10110021304328
10100619579558
10100619579749
10100619580374
10110000872291
10100619584970
10100619585233
10100619586660
10110012483790
10100619588005
10100619588294
10100619588393
10100619589599
10110011426139
10100619594573
10100619596255
10100619596388
10100619596453
10100619598152
10100619598889
10100619598905
10110018398794
10100619601667
10100619604836
10100619605023
10110001506773
10100619606377
10100619606864
10100619607532
10110012741874
10100619607797
10100619610338
10100619610312
10100619612052
10100619612581
10110001830389
10110008283541
10100619612706
10100619613423
10100619614405
10100619615436
10110005447156
10100619616046
10100619621152
10100619621145
10110000156596
10100619624305
10100619624610
10100619626649
10100619630781
10100619630807
10100619633082
10110009148289
10100619634882
10011000151597
10110001698364
10100619638925
10110014639266
10100619639071
10100619641986
10100619642398
10110017319130
10100619646514
10100619647660
10100619648262
10110003307956
10100619648510
10110018110546
10100619650367
10110000082636
10011000169813
10100619652389
10100619653858
10100619653932
10100619655382
10110002987162
10100619656968
10100619657461
10100619658964
10100619660069
10110016314199
10100619662271
10110000030296
10110012565695
10100619665050
10100619665720
10110006687172
10100619665456
10100619665761
10100619666488
10100619666587
10100619713918
10100619667627
10100619668237
10100619668310
10110013251840
10100619669458
10110013160983
10100619670373
10100619670928
10100619673575
10100619700022
10110013496692
10110003564556
10110013982386
10100619677204
10100619677303
10100619678616
10110017856149
10110000261693
10110022268860
10110010543785
10100619680356
10100619682931
10100619683723
10100619685207
10110003457983
10110008318461
10100619686619
10100619440322
10110000050948
10100619690108
10110004100665
10100619690066
10100619690199
10110012105781
10110021174564
10100619700675
10100619711367
10100619694498
10100619694217
10100619694373
10100619694357
10100619694860
10100619695677
10100619695701
10100619696055
10100619697350
10100619697541
10110000267237
10110000266320
10110005844568
10110004705034
10100619702192
10100619702333
10100619703844
10110011334440
10100619709908
10100619709916
10100619710666
10100619713942
10100619714007
10100619714213
10100619715012
10110007148042
10110007148331
10110006754402
10100619717752
10100619718685
10100619718743
10100619719394
10100619723206
10110000099218
10110000099267
10100619725664
10110013176559
10110012268639
10100619726415
10100619730920
10100619732041
10100619731381
10110011286665
10100619733171
10110000084673
10100619733106
10100619734500
10100619734732
10100619735424
10100619735960
10110005206420
10222030192377
10221000192377
10110005881651
10222020192377
10222010192377
10110001566181
10014000113035
10011000113035
10100613566205
10041000569459
10042010569459
10011000122770
10252050383067
10012000146274
10011000126334
10012000127001
10100615829437
10011000197616
10012000120899
10011000120899
10011000140079
10012000098756
10012000401000
10110001431659
10014000148940
10011000149740
10110001526177
10011000325944
10012020325944
10012000156703
10011000156703
10011000305771
10011000325985
10110019395435
10021000862201
10110005201652
10152010218859
10152000396341
10151000396341
10012000164541
10011000164541
10022000002204
10021000002204
10021000003277
10024000019299
10021000298166
10021000019299
10100619083478
10110000526756
10341000122168
10100613772662
10021000026989
10021000023226
10021000027920
10021000028811
10022000042911
10110015580733
10021000113993
10100613104148
10021000042796
10021000233353
10021000054189
10100611419019
10021000057661
10100616423636
10021000057539
10021000062067
10024000062067
10021000111989
10021000061176
10012020205450
10110001595222
10022010067355
10021000067355
10022010068056
10021000068692
10022000075507
10021000112862
10022000072009
10022010074146
10021000074146
10022010076802
10021000077214
10110019907213
10100615694351
10021000079004
10032000159228
10021000080473
10022000081901
10110027025661
10231000244475
10232000244475
10022000072777
10142000156182
10141000156182
10100611024264
10110008580383
10031000252726
10032000081232
10031000081232
10100612954774
10031000261016
10031000060285
10262010159848
10261000159848
10031000064865
10032000064865
10101000474049
10102000474049
10032010082040
10110011029115
10031000073288
10034000073288
10031000081372
10034000081893
10031000081893
10031000082347
10012000326306
10032000179267
10031000085928
10031000250605
10031000087700
10032000089516
10032010081471
10032000081471
10031000077610
10032000094474
10031000094474
10110013423951
10100613044898
10342000066241
10031000100537
10110024524773
10031000071829
10032000071829
10031000191403
10031000075531
10032010075531
10032000137950
10031000134544
10032010108183
10241000253518
10031000113670
10032010138743
10024000149112
10012010130195
10221000112318
10110007955230
10110006944078
10032000221762
10242010253559
10032000125989
10041000150375
10221000112326
10042040575373
10244000253609
10041000014936
10041000019398
10041000020347
10151000456970
10044000286278
10041010029603
10042000029603
10110012748382
10041000034470
10110001628593
10100616952113
10041000036855
10100617690373
10042000046359
10041000048777
10100617866510
10100614044525
10041000054312
10044000054312
10100615829049
10042020058396
10041000058396
10110005121694
10041010059857
10041000060046
10341000120469
10342000120469
10100610597054
10041000016162
10041000067496
10042010071837
10041000071837
10042000128025
10042000071985
10042030071985
10044000079970
10044000079988
10110010950063
10110017643190
10041000503227
10031000284042
10100614326625
10031010000455
10031000017285
10032010102442
10034000003939
10031000005512
10031000008656
10031000008755
10032020008755
10100618275588
10041000286948
10031000999425
10032010999425
10261000062141
10341000067371
10342000067371
10342000206458
10344000206458
10342020056408
10341000056408
10042020046417
10044000046417
10110015878681
10110012370161
10100615905815
10341000210344
10042000858464
10041000858464
10242000254094
10241000254094
10024000087379
10341010067546
10342050067546
10042000104422
10031000134015
10032000134015
10342000107730
10341000211920
10031000245308
10032000245308
10251000049346
10044010112268
10042010112268
10044000112268
10041000112268
10151000488221
10154000488221
10012000197871
10012030197871
10012000122853
10011000170993
10012000170993
10041000117309
10042010026047
10110023367315
10012000176305
10341000120899
10042000117770
10042000119719
10012000176768
10012000132324
10100617923923
10022010069708
10022040069708
10021000069708
10022020069708
10021000135624
10341000213710
10342020213710
10021000244384
10022000244384
10022000244590
10021000490854
10032040300608
10021000517680
10022000245035
10021000245134
10022000245464
10022000953851
10021000245845
10100610976175
10110001296953
10110001299304
10110010032177
10222000123737
10021000246769
10021000246967
10022000247098
10022010247148
10022000247148
10022000269050
10100618235335
10021000248203
10100612250843
10021000248310
10042000588053
10021000285197
10341000214478
10100612167401
10110004447397
10031000955880
10110021889526
10110004511929
10100616070403
10031000139808
10110002041556
10022000249094
10100618717548
10022000249318
10022000249334
10021000249474
10100616357271
10022000255596
10100616328173
10251000144493
10032000064394
10032010064394
10021000249995
10110021145515
10100615288915
10100616774905
10100616774830
10100617436439
10100617436462
10100618918922
10100618875148
10021000300590
10021000250936
10342000068080
10342020068080
10110004337119
10100613486164
10021000523555
10021000251538
10022000251686
10141000003111
10022000311738
10110018481970
10021010252189
10342000236307
10342010236307
10141000007062
10110003003886
10022000252692
10101000242602
10021000252957
10021000301499
10032000939850
10021000258525
10110016061758
10021000254052
10110025529706
10100616377832
10142010023366
10110006785505
10232000247148
10021000254870
10141000027060
10110006555015
10141000029009
10021000255232
10032010835280
10110008579237
10022000255661
10142020092684
10141000036186
10021000255802
10142010040675
10142000040675
10022000256073
10100616436794
10021000256248
10141000043851
10142020043851
10100610458471
10141000048140
10021010256636
10100611967215
10022000256727
10021000256743
10042000844217
10232000247197
10022000137489
10021000137489
10021000168997
10021000257485
10022000257550
10021000257550
10110005336128
10110005257084
10110012837417
10110012837409
10022010257840
10110004990271
10110004990255
10021000258012
10022000258012
10100614979613
10022020320515
10031000094789
10100612511111
10110007192404
10022020258541
10110019250549
10021000258863
10221000181511
10100611949049
10110019748963
10100614107033
10051000392555
10021000259101
10022000259101
10100610919845
10100619316225
10022000259135
10110001313360
10021000313650
10022000275040
10100612450351
10021000259762
10100612812121
10021000259846
10110026511943
10110023039765
10110023040706
10110024392585
10011000228544
10012010228544
10012000228544
10221000114710
10151000454793
10110001886191
10031010479592
10110009306218
10021000262469
10112000113613
10110006560593
10022010262899
10100610361824
10100617347826
10022000263467
10021000263558
10100618535569
10021010263830
10021010263996
10021000263996
10021020263996
10021000264077
10042000666370
10110010667758
10041000172965
10022000264408
10051000277608
10022010264671
10021000264820
10021000264895
10100618810228
10110003435492
10021000244574
10031000798298
10100611007228
10022000265454
10021010265561
10110013763752
10100610610576
10100617468226
10021000266049
10100618877334
10021000266130
10022040560854
10042000733626
10022000266619
10021000266668
10110009769100
10031000196501
10042000173534
10022000269480
10021010269928
10110005837455
10110003269479
10100615902895
10100615225552
10021000270884
10022000270918
10022000270926
10100618633489
10110013803574
10022000271338
10100614660213
10021000271916
10021000272096
10110025013479
10041000100305
10021000272211
10110000418079
10110008719833
10022000595215
10021000480160
10110018586240
10110001279124
10032020197277
10021000273045
10031000197285
10031000021691
10021000274837
10011000229872
10021000273474
10152010302703
10022000273615
10100612591410
10022000273797
10151000176925
10041000173922
10032000624486
10012000230102
10011000230102
10110012396133
10100610090456
10110014180329
10100619568783
10742030107102
10741000107102
10142000161646
10021000276238
10021000276204
10022000276204
10110020461889
10110002497261
10032000448951
10021000276790
10021000276832
10021000277277
10021000363598
10110019374984
10021000277384
10100615719034
10100613297371
10042000287979
10110026668040
10022000277590
10041000174961
10100610497933
10110002397206
10022000278044
10100610141259
10100617894314
10021000278457
10022000278457
10032000633644
10110023058096
10021000279109
10042030080606
10042050080606
10042100080606
10110003704590
10110004193249
10110003704574
10251000144840
10021000279760
10022000279786
10022000279828
10110004029732
10110013594488
10110001311091
10022000279851
10110004463261
10100615081419
10110020574194
10021000280339
10110004367231
10022000280370
10021000280370
10022000280552
10100610664433
10100616397616
10021000280966
10022000281295
10021000281295
10041000175745
10341000068858
10341010068858
10341020068858
10341030068858
10102000041764
10101000041764
10221000114868
10021000139758
10031000876482
10100610664441
10022000142711
10021000140194
10012000217299
10022000266072
10100619033200
10110019306739
10042000168351
10041000168351
10042040168351
10031000033100
10032000191502
10242020327825
10241000327825
10242000159186
10110006334254
10110015380092
10042030169169
10100000021790
10142000108209
10141000108209
10100000020958
10052000253427
10051000253427
10041000169169
10110027815806
10032020283960
10041000169904
10042030169904
10100610799825
10051000240820
10042000589119
10042000144840
10100614033734
10031000180232
10151000497651
10032000387951
10031000194365
10231000248690
10041000124164
10031000157669
10100618114712
10032000235887
10110005121967
10110019374034
10110019374059
10144000550640
10110013424272
10110013278108
10022010174623
10022000198515
10100617144199
10042000122663
10100618783482
10100618783508
10042000133488
10041000133488
10341000233148
10141000204115
10342020069880
10021000117416
10110009278763
10100618819948
10012000197848
10252000385526
10251000385526
10152000412890
10110020006692
10100617752173
10011000198374
10261000463489
10110000589390
10031000290775
10144000492975
10032000606434
10100616990931
10031000758680
10110019494246
10021000480848
10051000337303
10100612013597
10341000236422
10100615764394
10152020417949
10261000464420
10022010231993
10152010345025
10241000151043
10262000444489
10012000221531
10110003794187
10341000070789
10110000363424
10232010352047
10262000400036
10264000400036
10261000400036
10012000203166
10011000203166
10042000886119
10041000886119
10100611368364
10032010418566
10100616660013
10100614111233
10110009638271
10110007462260
10152010210963
10262010163337
10011000204511
10041000149542
10044000149542
10011000204990
10011000205179
10041000847764
10100610382465
10042000466938
10041000289702
10022010123216
10022000123216
10031000170985
10041000596635
10042020151126
10041000151126
10042000159194
10110004194908
10342000226936
10342020226936
10342010242198
10022010123901
10221000194530
10152000460253
10232000250456
10021000123760
10100000027102
10341000242628
10342010242628
10021000201541
10110004685723
10022000107599
10012000405456
10011000405456
10032000196766
10151000427039
10032010027755
10100610806265
10100612198661
10110006996003
10110009903972
10100610806695
10152010150128
10151000171488
10242000320911
10221000117978
10100619078494
10100616943054
10142000196378
10100613616059
10142000576678
10142010576678
10252000409946
10110008053696
10262000445528
10021000488411
10110003129038
10100616939425
10100616987085
10100616278261
10151000144345
10100617104441
10100611291236
10011000403253
10011000204586
10241000257543
10242010257543
10032000158568
10221000172809
10224510172809
10232010174268
10031000180430
10261000473215
10100614042974
10032000188565
10011000215699
10012010215699
10012000215699
10110003991429
10110025673595
10110022358430
10252000386748
10341000073239
10142020199604
10011000230508
10231000251785
10100616012462
10110002221216
10141000413617
10031000030627
10100617208127
10042000162495
10044000162495
10041000162495
10022000184838
10031000184325
10232010251900
10032000184671
10031000184671
10342000007484
10034000169532
10142010120535
10021000131151
10021000134965
10100610126409
10031000149377
10042000164699
10110002466498
10042000290999
10041000290999
10110009979857
10012000329235
10042000069120
10151000409763
10012010235325
10011000221234
10341000073908
10011000414672
10012000414672
10110006333892
10032000174656
10241000258186
10012010222463
10031000162362
10110012287126
10031000227454
10032000154047
10031000154047
10141000075960
10021000064725
10011000196618
10021000133850
10022020133850
10022000133843
10011000223081
10110009420100
10151000401331
10032000223289
10152010401331
10110013245909
10151000468041
10100619074295
10110015583547
10110012483659
10110012483675
10232010252577
10231000252577
10222000216069
10021000157099
10222000120618
10221000120618
10242000151316
10100613854122
10031000034066
10022000131656
10012000187989
10262010475707
10261000475707
10042000274498
10042000177501
10041000177501
10151000356253
10032000656488
10221000120691
10021000141283
10341000171033
10141000149377
10031000141630
10044000326579
10100617517014
10231000313320
10232000252841
10221000216010
10262000131409
10154000397943
10012010192666
10342010074682
10012000380600
10100611545698
10011000200139
10342000074807
10142000365155
10100612808608
10100616983845
10100619386780
10012000329862
10031000286732
10012000363820
10041000328013
10042000328013
10341000075150
10031000203661
10032000203661
10152000462929
10110004940623
10222000171017
10012000720490
10110008626467
10110008625931
10341000075267
10110008625980
10341000174490
10342050174490
10342040174490
10342030174490
10141000576082
10142010576082
10344000276667
10031000185066
10110021149541
10221000217711
10142030103556
10142020103556
10141000103556
10152020326231
10262000485839
10110008622151
10341000075457
10032000174730
10031000174730
10110017857089
10041000464289
10042000304683
10110022705077
10032000205054
10031000205054
10012020360313
10012000360313
10042010195594
10110012243079
10342010075507
10341000075507
10231000318105
10100611893049
10041000567768
10042000567768
10100618260093
10242000120485
10110012554475
10141000601849
10110017206287
10151000218198
10100613533197
10342000075747
10041000175588
10031000205997
10241000234377
10110016175509
10252000408039
10110006310528
10224000122242
10142000204750
10142000102947
10142010102947
10100610560722
10151000451112
10032010206573
10031000206573
10242010259648
10044000306217
10041000237438
10110003223237
10100611405224
10100611405208
10232010320507
10100617506280
10221000122747
10221000195818
10041000476358
10110001652122
10031000708610
10341000033993
10341000017988
10100618586224
10231000321794
10232010321794
10041000330761
10042010330761
10221000114777
10022000109173
10041000183012
10022000146589
10021000222257
10100616947493
10341000076745
10110025257266
10100612360030
10042000168146
10021000204644
10110014472213
10110014472205
10031000228775
10241000260141
10142000366377
10141000366377
10341000077057
10662000111849
10110003640364
10154000439109
10151000417576
10100616406987
10021000109470
10041000886614
10110001606029
10231000255034
10251000183145
10041000292987
10342020284190
10022000130179
10022010130179
10041000031971
10042000031971
10041000293027
10100610886317
10110008407330
10110016375513
10032000289587
10031000210237
10110013053337
10032010210260
10252000410118
10251000410118
10110000548354
10110014909305
10100615622220
10021000747949
10034000190025
10341000162685
10110008544264
10252000162024
10012000233536
10110004876538
10110008815565
10231000325530
10011000363077
10012010363077
10041000163691
10041000274472
10232000024257
10221000138297
10341000165647
10342000287342
10110003903937
10032020122150
10264000418640
10041000013201
10232000211466
10231000305847
10141000554030
10110020770644
10012000417386
10011000417386
10222010154575
10032000016923
10032010212753
10341000191460
10100611436716
10341000091967
10012000331611
10221000156000
10231000256305
10031000213355
10011000374777
10110008453136
10241000302901
10100614863924
10011000184069
10141000189787
10231000330696
10032010799031
10031000799031
10262000404350
10042000261693
10100617492648
10012030382457
10011000382457
10251000412197
10252000412197
10100611028927
10032010177014
10221000138198
10231000139253
10110007260490
10011000377036
10341000079392
10012000377580
10031000413435
10012000206904
10231000332783
10031000103937
10044000161257
10012000066043
10011000066043
10232010285734
10011000378828
10021000868927
10152000387753
10100614950275
10012000318618
10341000295402
10011000132183
10102000656736
10254000413575
10032000880245
10041000205302
10222000127514
10100613104429
10231000257592
10022000152421
10021000152421
10031000217661
10032000217661
10011000204347
10251000141697
10041000543819
10041010543975
10042010544122
10041000544122
10100610182865
10031000229575
10100616967178
10031000341784
10251000425454
10251000414961
10342000245100
10041000209825
10021000344382
10221000227439
10341000297804
10032000193391
10100616352587
10151000415323
10100615854336
10100614383501
10100617363435
10232000258160
10110027840531
10141000554949
10110027658925
10110005527759
10031000185215
10231000175190
10100610415885
10110007494479
10110007494453
10231000088955
10342000321356
10341000080739
10110009218272
10100610828269
10100610828418
10042000549063
10221000129544
10100617204050
10252000415919
10231000317602
10221000240101
10110008005423
10341000105809
10341000075416
10342000081224
10042000622076
10032000751693
10100618270936
10231000355529
10012000384321
10011000344838
10251000191684
10011000384602
10110018887697
10232070341362
10231000341362
10232000341362
10041000250746
10042010250746
10011000384933
10021000156455
10142000367656
10342000118661
10231000341966
10031000223222
10032010223222
10100610347732
10342010162867
10100617032162
10110006455398
10110008332272
10042050582791
10042000171132
10232000351478
10032000223602
10022000513234
10041000104646
10231000179929
10110012638849
10342000284489
10342010081778
10021000101949
10110007608490
10110005049770
10232010343178
10221000230227
10100610755330
10341000081992
10341000261974
10022000310466
10222020245464
10041000296392
10142040097949
10100615265731
10262000170571
10100611651637
10041000553388
10042010553388
10232000159269
10110004422457
10342000276774
10100619109018
10110010636589
10251010402511
10232020131649
10012010387407
10100610037853
10251000417758
10100613510187
10012000420547
10011000420547
10341000213975
10100619697426
10041000298752
10110010976142
10231000151431
10110013409042
10110013409000
10100618347809
10110012565653
10110015183306
10110003889524
10110012565679
10100616192538
10042000517474
10344000274456
10241000279224
10110007416647
10011000333856
10232000345942
10231000345942
10261000170977
10022000489773
10232020260463
10232000260463
10231000260471
10232000382010
10021000165126
10021000159285
10032000255380
10252000411595
10032000222190
10110005174834
10232010347419
10221000216465
10100614867024
10231010333328
10221000209650
10051000412221
10110017557861
10262000010413
10110016106850
10151000480863
10031000223636
10231000260737
10031000227561
10261000171231
10100612372621
10031000148379
10034010148379
10032010148379
10034000148379
10032000148379
10032000510420
10251010149468
10251000149468
10021000644120
10231000260877
10110001046739
10110007860679
10110021634294
10042000364968
10041000565846
10100611482652
10341000316919
10041000117689
10110003667664
10242000314104
10241000314104
10041000558239
10100000031211
10151000189597
10152010452599
10041000420430
10100614932091
10231000205625
10232020205625
10141000025486
10142000025486
10100614529772
10341000083501
10262000447409
10251000419713
10100614270765
10032010023895
10031000023895
10022000118828
10021000118828
10232010218453
10100615815923
10342020313726
10110006784060
10100000062927
10110003577806
10100618913022
10100616626766
10261000068247
10100610862607
10022000016378
10110021112069
10222000123067
10100612687218
10031000199802
10012010156414
10100610869610
10110007608565
10341000074054
10344000074054
10342000083907
10041000158832
10031000185645
10032000061168
10222000132613
10262030505404
10261000505404
10110006283816
10342000084145
10231000351692
10152060483180
10100610787747
10100610787770
10100614380028
10031000158865
10031000054668
10100613383445
10251000060640
10252000060640
10021000362020
10022000370650
10100616647747
10052000281410
10100619411570
10041000190165
10100616179501
10100618904609
10031000387746
10341000213850
10341000315663
10222000198457
10221000198457
10011000346494
10100615050315
10110003352671
10342030289983
10110001742170
10042030185306
10011000394114
10011000392340
10222000234765
10100611173368
10151000483917
10262000518316
10110015010822
10222030137349
10221000234955
10342020286948
10341000286948
10251000421180
10252000143701
10052000059808
10051000059808
10110002337343
10242000165613
10241000165613
10100614199055
10110015955091
10052000386235
10052000386177
10052000386128
10232000262386
10011000323931
10031000233262
10342000317727
10041000564104
10251000421578
10110013808524
10110007542285
10241000317834
10242010317834
10051000137778
10100613930104
10032010233700
10042020931196
10342000318105
10341000200600
10341000318105
10232000355453
10110005605126
10012000194035
10221000134429
10021000164921
10251000150078
10232000178632
10342000271585
10252000391607
10151000178335
10110007530892
10152000178335
10261000520353
10251000384495
10252000384495
10022000134825
10100617336647
10344000106393
10031000184853
10011010174722
10031000174607
10110007902273
10141000594671
10011000397455
10110009053869
10142010557066
10110022509156
10141000594945
10032010224931
10011000398081
10100617686066
10044010567735
10251000150243
10241000266320
10142000595322
10032000216135
10031000216135
10341000085951
10110020096230
10342000085969
10341000085969
10100612439362
10100618430530
10100610866988
10100610866970
10011000382697
10222010136523
10221000136523
10110011428549
10110007070634
10231000359695
10100619347279
10110005466719
10100614309001
10032020018119
10041000569277
10232000360065
10110018702763
10110018702755
10042000569350
10100611923143
10242000266544
10342000323758
10341000323758
10100616948707
10031000251033
10100610154237
10231000349936
10110007449481
10110007449499
10232000360776
10151000491407
10242000266692
10241000266700
10041000299321
10100000034132
10110009635251
10032000473934
10151000429282
10152030429282
10221010228593
10221000228593
10022010541128
10232000268557
10110008752800
10031010222166
10032010222166
10262010441170
10342000086579
10110012682722
10100613323821
10342000086595
10032000240549
10031000105577
10012000161638
10221000238246
10110018982811
10261000194407
10100618932956
10110020750604
10142000557488
10100618702128
10110015429444
10110020096958
10021000845750
10031000241430
10032010272302
10042010365270
10100617259468
10241000322107
10242000322107
10051000274977
10042000713768
10041000713768
10231000363465
10232000264226
10231000264226
10042010572800
10041000572800
10151000417956
10011000402305
10014000402305
10341000049346
10342000049346
10110002489441
10021000169623
10032000993535
10042020152595
10031000260273
10100613379831
10252000392365
10110000787200
10031000177360
10100614324109
10110002564177
10232000264366
10110026850754
10032020282897
10032000242594
10021000169888
10231010364455
10232020364455
10232010364463
10022000320721
10110001745777
10110002066439
10100610117689
10242000163188
10110009922436
10110012558971
10100612052975
10021000068320
10221000139444
10261000173872
10110021528645
10021000170357
10261000193268
10152040345793
10110019678608
10222000139642
10021000103788
10100616993604
10110003959376
10221000139758
10221000119164
10100612518280
10251000430801
10100619453390
10341000228643
10051000396754
10024000078683
10021000078683
10022000078683
10110015004270
10342000331553
10031000260307
10031000743716
10251000150755
10011000404061
10342000155283
10110014180931
10252000126524
10251000126524
10100613439759
10011000363499
10012030363499
10011000336685
10110004731261
10252000192070
10031000245589
10031000245761
10100613083821
10100616511265
10110006162614
10231000265009
10221000240242
10222020240242
10110001149756
10232010000539
10231000367011
10041000040824
10151000167700
10031000310474
10151000322255
10152010322255
10012010318626
10011000318626
10341000332148
10021000390575
10221000240382
10342000332221
10231000265199
10031000645721
10251000392670
10100614124228
10101000594051
10231000367623
10021000173849
10022000173849
10231000367698
10011000336891
10041000576355
10012010021477
10231000347716
10031000458422
10100617820616
10232000347716
10232010347716
10100617857618
10222000150110
10041000576470
10231000146001
10154000430082
10100613473550
10242000199695
10100614456166
10261000528562
10021000098947
10011000405753
10110001440254
10042000119222
10031000247650
10042010576884
10041000576884
10022000172452
10100615905039
10110008637530
10041000507194
10044000507194
10251000353409
10251000392811
10222000141580
10042000593913
10222010141697
10221000141697
10232000163808
10261000174300
10242000201459
10031000194688
10031000228148
10012000337097
10011000337097
10032020192161
10021000476580
10041000263715
10222010236489
10341000327148
10100617947120
10041000300707
10021010921353
10041000578492
10110000995662
10031000249359
10032020249359
10231000266114
10232000266114
10232010266114
10011000063008
10241000326413
10242010326413
10100613490976
10221000138727
10021000136309
10022020136309
10341000276196
10342000295774
10041000300830
10341000088716
10342000088716
10041000657288
10110005360581
10032000176412
10241000326918
10242030326918
10242020326918
10242000326918
10241000326934
10110002840288
10021000049023
10024000049023
10031000250829
10042000181255
10011000204388
10022000245019
10021000245019
10042000367441
10231000372003
10031000251595
10251000391706
10232010372219
10231000372243
10232000372243
10032020252023
10031000252023
10262000532622
10261000532622
10012010409532
10110001879113
10042020550582
10110015850839
10042010578757
10100616915235
10231000372656
10100614429809
10100618682056
10110019808171
10151000321943
10232010272013
10231000272674
10232010272674
10242030137976
10241000137976
10041000130617
10011000405266
10021000165837
10251000151548
10231000206136
10031000213876
10242000309401
10341000089318
10032000253617
10031000253617
10031010253617
10231000373761
10110013624749
10031000943126
10231000358135
10222000151993
10041000530857
10110021846559
10031000288076
10252000429522
10100610249623
10232000054148
10341000244319
10110003419017
10341000210989
10110010092080
10110006037352
10110001697903
10151000458752
10031000103770
10031000216317
10110004819785
10042000053793
10021000284802
10261010533802
10031000139204
10152030431106
10152020431106
10221000145904
10222000145904
10110003175205
10110018565368
10100615253679
10012000409896
10011000409896
10232000329417
10252010378604
10251000378604
10100618780967
10110004983540
10342000089821
10041000330134
10231000377598
10232010377598
10221000244806
10221000244863
10021000259150
10041000061432
10242010199257
10021000231209
10341000252288
10342000252288
10032010256453
10031000256453
10342000259127
10342000341107
10031000751248
10242000210302
10141000603639
10141000145425
10151000180711
10031000229039
10031000229047
10100610657353
10100610657361
10100613185923
10261010535021
10110007799851
10100617831506
10042000876300
10110001951581
10261000175349
10011000413567
10031000226456
10022000364315
10021000364315
10110013135688
10252010152033
10032030257691
10031000216010
10141000559054
10031000015545
10152010483156
10110007844251
10110004446258
10100614911269
10011000044487
10021000201921
10341000345298
10342010033555
10341000033555
10011000414912
10110012615201
10242010142927
10041000302323
10141000559138
10110009666793
10012010338228
10232000363630
10110001934546
10021000178202
10032010258582
10110006356935
10251000431833
10032010258699
10222000087924
10221000087924
10342000343954
10232000364489
10041000302406
10042000302406
10032000259291
10110001191675
10042000588145
10142030371518
10042000302513
10032000000265
10110002948842
10110002948891
10231000268565
10341000230482
10011000077453
10100614625182
10342000345108
10110019449679
10261000175885
10110021938042
10110025613708
10011000416818
10221000149989
10234000316240
10232000316240
10110011461268
10052000005694
10051000005694
10342000347393
10110021626076
10021000180018
10100614074852
10110007500846
10031000261776
10032000261776
10021000180141
10022010115121
10110019555103
10100617765696
10052000326793
10032000297861
10100618754384
10231000269118
10252050152496
10110027013030
10031000262220
10342000091371
10341000091371
10231000369066
10341000347211
10141000008912
10142000008912
10024000051029
10231000269241
10222090151019
10100610820613
10100610820530
10222080151019
10110001950591
10100610820415
10222060151019
10110000935411
10100610820647
10264000176222
10031000263202
10100611091149
10341000347963
10110010724740
10022050053405
10100615813753
10042000303123
10110005661467
10041000303123
10110005661459
10231000382366
10241000189381
10042000108910
10042010165761
10222010201301
10012010016477
10012000016477
10032000727545
10031000727545
10032000181602
10100611630599
10241000120717
10032000190553
10100611402825
10342000125336
10262000176701
10341000330852
10342010330852
10041000593418
10042000593418
10100615253935
10262000177527
10261000177527
10242000276014
10100612926434
10231000386102
10262000178004
10141000133538
10110004945523
10342000344804
10231000325019
10051000123927
10052000123927
10021000182493
10042010176776
10152000523183
10110019681594
10231000188664
10232000188664
10100610148619
10012000421834
10011000421834
10042020303743
10151000524017
10100618265209
10100610737106
10110027813462
10232000270371
10042010303834
10042000243378
10110027942337
10234000270462
10021000867838
10032010267245
10241000271106
10100611994995
10100618833014
10011000206987
10232000215053
10261000178509
10221000142174
10252010144675
10252000144675
10341000353490
10110002960128
10231000270678
10041000596452
10042000902189
10100610479378
10231000367441
10100612436889
10221000250647
10231000270868
10041000597328
10251000153023
10110016258982
10151000526632
10242000341081
10231000271031
10100616545362
10151000526970
10152000526970
10341000355008
10141000339283
10241000271387
10100610421438
10221000082594
10222000082933
10110010351395
10221000127431
10221000160499
10222000168492
10110003047511
10221000168492
10252000394585
10251000394585
10231000022053
10110021189760
10231000032151
10110000705632
10231000039453
10231000104208
10231000039784
10110004212833
10231000039859
10100617001480
10231000052928
10232000055293
10100610024422
10231000065276
10232020065276
10110003903895
10232000080028
10231000080028
10231000086363
10232000089391
10110007998453
10231000101386
10110005238456
10232030165266
10231000173385
10221000247734
10231000179143
10110017127731
10100619589557
10231000296202
10232000215996
10231000215996
10231000219733
10241000203232
10241000049650
10242000049650
10110010235127
10241000070433
10242000071837
10241000121897
10242010121897
10222050154831
10241000124545
10241000149963
10242000149963
10012000167627
10241000293480
10242010293480
10252010005553
10252000005553
10251000007666
10100619653478
10251000009761
10251000005595
10031000151654
10034000151654
10251000074054
10252000074054
10100611511849
10261000000141
10261000006072
10261000038588
10042000204453
10042010204453
10041000204453
10042020204453
10042000214544
10041000252718
10100617009657
10110000936542
10100615702287
10251000331157
10252000337352
10342030000349
10341000000349
10110019285065
10341000008318
10342010008318
10341000009936
10100611807569
10342000010447
10341000010447
10341000014530
10100618681686
10052000383604
10342010023580
10341000027466
10341000042119
10011000300103
10011000303156
10110013311701
10011000304790
10012030304790
10341000094029
10011000149377
10011000313296
10341000043315
10041000271486
10100613141736
10242010241448
10342130047373
10234000171348
10232000221291
10012000323402
10341000060178
10021000490805
10041000675496
10110002155901
10231000240606
10232000144303
10241000272062
10341000066332
10110004798658
10242000254425
10110000329631
10110003212818
10041000291732
10110008814758
10342000034371
10042000294660
10100616966873
10100610213546
10110020835249
10110017947187
10041000300152
10341000087551
10042000304840
10242000267948
10242000335356
10231010266239
10100619733585
10231000168385
10041000303602
10042000303602
10042010348524
10041000348524
10041000305474
10262000179911
10012000385757
10011000385757
10232020277350
10100617936958
10232000279471
10231000279471
10100616988042
10222000206128
10341000107755
10041000405431
10110009483124
10042030319954
10041010319954
10100611469212
10231000298729
10342000117978
10342000121632
10262010193789
10262000193789
10152000209239
10261000196345
10241000289082
10100616206361
10141000054908
10141000056788
10142020175760
10141000175760
10142010066886
10141000070276
10142000070276
10142010070276
10141000071746
10142000074856
10141010077297
10022000602557
10142020087122
10141000087122
10142010159939
10151000312330
10152010312967
10151000312967
10151000316067
10152000316067
10152010319541
10151000319541
10110001989557
10152000300400
10151000300400
10110013431129
10152000333542
10110013431087
10151000333542
10100612526648
10261010413211
10151010364471
10152000379511
10151000379511
10152000466797
10100618816092
10151000382184
10241000038489
10261000424705
10262010425850
10262000425850
10012010035246
10261000447482
10012000180026
10011000418814
10031000242297
10032000242297
10042000127423
10021000097097
10041010128298
10044000128298
10021000101444
10021000102400
10100611524263