P_Profile
11280748
11281322
11281593
11281835
11281870
11281891
11281945
11282221
11282503
11283327
11284216
11285408
11286708
11286866
11287948
11288565
11288702
11288739
11288919
11288935
11289364
1128952
11289623
11289687
11290542
11290640
11290950
11292421
11292604
11292659
11292810
11293227
11293495
11293513
11293666
11294144
11294677
11295905
11296240
11296277
1129639
11296478
11296626
11296754
11296765
11297029
11297157
11297385
11297404
11297513
11297930
11298428
11299486
11299547
11299807
11299839
11299863
11300311
11300695
1130154
11302045
11302119
11302211
11302231
11303124
11303653
11303822
11304378
11304696
11305700
11305707
11305721
11305728
1130599
11306003
1130607
11306300
1130686
11307180
11307525
11307934
1130809
11308286
11308487
11308530
11308583
11308680
11308708
11308826
1130901
11309242
11309486
1130973
11310228
11310232
11311665
1131190
11311968
1131197
11312595
11312612
11313221
1131384
11314443
1131507
11315122
11315467
1131588
11315910
11316156
11316313
1131646
11316531
11316895
11317111
11317128
11317461
11318082
1131869
1131911
1132093
1132406
1132435
11326131
1132658
11327467
11327707
1132792
1132812
11328441
11329109
11329495
11329498
11329735
11329986
11330180
11330209
1133031
1133089
11330978
11331017
11331128
11331254
11331530
11331806
11331917
11332675
1133276
11333076
11333192
11334183
11334296
11334416
11334791
11334832
11335105
113353
11335346
11335404
11335538
11335611
11335776
11336057
11336131
11336705
11336897
11336923
11337320
11337422
11337935
1133804
1133810
11338156
1133821
11338417
11338567
11339332
11339447
11339532
11339626
11340693
11340921
11340990
11341114
11341253
11341469
1134151
11341778
11341875
11342143
11342550
11342699
11343246
11343361
11343445
11343455
11344231
1134464
11345167
11345386
11345754
11345974
11346291
11346312
11346495
11346690
11347507
11348057
11348169
11348400
11348441
11348633
11348870
11348983
11349042
11349280
11349597
11349603
11349615
11349928
11350151
11350486
11350774
11351087
11351132
11351205
11352111
11352275
11352574
11352696
11352702
11352714
11352774
11352818
11352901
11353010
11353240
11354216
11354817
11354998
11355076
11355337
11356199
11356506
11356848
11358242
11358467
11358848
11359424
11359451
11360346
11360683
11361071
11361280
11361428
11361784
11361839
11362071
11362385
11362785
11363698
11363939
11364094
11364421
11364607
11364686
11364724
11365021
11365191
113652
11365445
11366153
11366523
11366623
11366833
11366983
11367197
11367261
11367622
11368250
11368287
11368573
11368723
11368996
11369383
11369943
1137038
11370879
11371129
11371153
11371490
11371502
11371513
11371601
11371862
11371869
11372035
1137219
11372208
1137228
1137255
1137274
11372918
11372937
11373320
1137362
11373638
11373955
11374285
11374545
11374624
1137464
11375295
1137630
1137663
11376652
11376811
11376987
11377185
11377320
1137765
11377685
11377764
11377894
11378086
11378113
11378333
1137850
11378591
11378726
1137884
11378896
11378978
11379205
1137944
11379560
11379979
11380249
11380641
1138085
11381080
1138119
11381235
11381336
11381424
1138196
11382102
1138274
11383432
11383451
11383526
11383805
11383825
11383954
11384898
11385046
11385117
11385778
11385976
11386070
11386525
11386896
11386958
11387029
11387728
1138773
11388098
1138855
11388854
11389089
11389160
11389167
11389271
11389945
11390000
1139008
11390101
11390161
11390371
11390374
11390714
11390786
11390814
11391253
11391673
11391758
11391884
11391903
11392150
1139232
11392362
11392417
11392716
11392937
11392943
11393375
11393917
1139414
11394145
11394349
11394519
11394914
11395337
1139594
11397031
11397503
11397522
11397820
11398000
11398034
11398405
11398547
11398773
11398780
11399017
11399093
11399375
11399400
11399474
11399869
11399875
11400195
1140069
11401231
11401268
11401355
1140146
11401472
11402490
11402973
11403032
11403097
11403262
11403467
11403586
11403668
11403906
11404037
11405485
11405723
11406365
11406415
11406574
11406617
11406696
1140698
11407289
11407368
11407730
11407850
11407929
11408164
11408170
11408209
11408427
11408460
11408843
11408955
11409184
11409611
11409942
11410023
11410552
11410730
11411166
11411243
11411249
11411385
1141280
11412949
11413467
11414114
11414291
1141458
11415206
11415387
11415389
11415392
1141561
11415650
11415932
11416185
11416319
1141638
11416625
11416778
1141679
11417995
11418319
11418395
11418571
11418580
11418761
1141880
11419197
11419718
11420052
1142010
1142070
11420866
11421629
11421737
11421851
11422032
1142210
11422497
11422542
11422582
11422635
11422762
1142288
11423004
11423191
1142389
11424038
11424287
11424385
11424411
11424687
11424760
11424833
11424839
11424862
11425386
11425400
1142682
11427109
11427622
11427695
11428118
11428218
11428831
11429197
11429600
11429604
11429771
1143007
11430570
11430819
11431139
11431658
11431781
11432087
1143217
11432295
11432466
1143256
1143322
11433471
11434190
1143755
1143756
11442134
1144239
11442781
1144296
11443737
1144384
11443988
11443996
11444292
11444663
11445060
11445192
11445313
11445495
11445516
11445692
11446676
11446744
11446852
11446992
11447410
11447429
11447435
11447610
11447726
11447749
11447821
11448423
11448438
11449313
114497
11449720
11449825
11449828
11449841
11450227
11450266
11450714
1145083
11450930
11451098
11451207
11451211
11451213
11451247
11451379
11451445
11451522
11451581
11451651
11451654
11451740
11451765
11451826
11451860
11451943
11452007
11452020
11452125
11452220
11452227
11452251
11452281
11452292
11452401
11452408
11452448
11452465
11452536
11452590
11452631
11452665
11452671
11452723
11452731
11452835
11452842
11452851
11452931
11452944
11453023
11453054
11453063
11453069
11453082
11453137
11453190
11453259
11453270
11453282
11453494
11453505
11453511
11453616
11453649
11453659
11453684
11453766
11453873
11453963
11454039
11454083
11454085
11454180
11454198
11454268
11454342
11454423
11454818
11455027
11455042
11455236
11455494
11455645
11455745
11455858
11455917
11455955
11455970
11456131
11456252
11456256
114563
11456428
11456450
11456493
11456568
11456658
11456679
11456691
11456741
11456876
11456905
11456909
11457004
11457226
11457497
11457609
11457859
11457867
11458260
11458324
11458600
11458839
11458961
11459032
11459157
11459171
11459210
11459235
1145932
11459432
11459528
11459566
11459730
11459847
11459994
11460071
1146008
11460104
1146036
11460688
11460696
11460712
11461463
11461535
11461670
11461885
11461887
11462219
11462736
11462940
11463244
11464071
11464111
11464313
11464604
11464692
11464729
11465693
11465904
1146634
11466716
11466764
11466845
11466885
11466999
11467093
11467122
11467620
11467628
11467655
11467933
1146807
11468319
11468452
11468570
11468601
11468857
11468978
11469112
11469300
11469312
11469387
1146965
11469721
11469857
11470124
1147015
11471305
11471330
11471775
11472039
11472214
11472223
11472231
11472417
11472614
11472739
11472911
11473145
11473432
11473508
11473742
11473813
11473963
11474251
1147437
11474653
11475004
11475014
11475162
11475221
11475230
11475437
11475488
11476135
11476691
1147711
11477518
11477598
11477667
11477672
11477848
11477983
11478041
11478044
11478050
11478445
11478466
11478836
11478843
11479091
11479440
11479481
11479628
11479692
11480083
11480244
11480523
11480631
11480812
11481162
11481344
11481369
11481612
11481710
11481722
11482211
11482397
11482584
11482608
11482754
11482761
11482797
11483615
11483747
11483778
11483970
11484059
11484087
11484107
11484116
11484125
11484142
11484294
11484743
11484800
11484908
11485035
11485037
11485041
11485381
11485936
11486024
11486052
11486158
11486393
11486555
11486575
11486789
11486994
11487078
11487321
11487807
11488008
11488114
11488136
11488496
11488627
11488640
11488803
11488947
11489110
11489284
11489345
11489377
11490103
11490975
1149114
11491373
11491619
11491753
11492131
11492184
11492448
11492784
11493267
11493296
11493400
11493580
11493660
11493748
11493853
11493882
11494082
11494120
11494268
11494296
11494457
11494483
11494598
11494652
11494918
11495017
11495253
11495296
11495491
11495827
11496231
11496340
11496454
11496957
11497729
11497847
11498358
11498671
11498767
11498873
11498954
11498993
11499039
11499088
11499288
11499357
11499776
11499871
11500106
11500123
11500157
11500260
11500287
11500638
11500682
11500979
11501032
11501198
11501270
11501725
11501778
11501797
11501887
11502443
11502499
115025
11502627
11502923
11502926
11503023
11503113
11503138
11503522
11503933
11504212
11504426
11504437
11504467
11504491
11504557
11504848
11504987
11505162
11505242
11505246
115057
11505776
11505863
11505912
11505948
11506294
11506836
11506933
11506950
11507055
11508007
11508055
11508812
11508835
11509151
11509536
11509736
11509834
11509883
11510006
11510078
11510145
11510337
11510399
11510400
11510430
11510455
11510510
11510985
11511022
11511170
11511251
11511562
11511759
11511911
11512084
11512407
11512427
11512647
11512667
11512830
11512891
11513268
11513567
11513980
11514158
11514284
11514785
11515085
11515092
11516201
11516279
11516486
11516686
11516709
11516789
11516917
11516950
11517010
11517011
11517027
11517109
11517156
115176
11517613
11517650
11517821
11517957
11518349
11519115
11519137
11519254
11519425
11519675
11519832
11520448
11521160
11521722
11522013
11522247
11522372
11522572
11522606
11522667
11522763
11522964
11522977
11522982
11522998
11523483
11523597
11523718
11523840
11523902
11523988
11524940
11525269
11525278
11525834
11525836
11526017
11526025
11526075
11526721
11526724
11527098
11527118
11527357
11527431
11527435
11527570
11527942
11528034
11528038
11528338
11528358
11528639
11528964
11529032
11529255
11529323
11529536
11529538
11529811
11529861
11530382
11530438
11530480
11530860
11530926
11531017
11531341
11531779
11531937
11532160
11532275
11532614
1153284
11533061
11533125
11533132
11533364
11533677
11533679
11533848
11534878
11535055
11535091
11535337
11535513
11536070
11536125
11536174
11536188
11536658
1153730
11537726
11537744
11538012
11538372
11538396
11538527
11538748
11538872
11539086
11539958
11540052
11540138
11540166
11540357
11540380
11540755
11540782
11540887
11541012
11541022
11541291
11549461
11549621
11549752
11550318
11550390
1155055
11550580
11550683
11550701
11550713
11550992
11551323
11551457
1155146
11551588
11551610
11552266
11552455
11552553
11553034
11553386
11553489
1155362
11553683
11553863
11553886
11553970
11554047
11554092
11554182
1155436
11554433
11554492
11554547
11554845
11555163
11555262
11555584
11555634
11555720
11555786
11555826
11555843
11556029
11556167
11556173
11556241
11556270
11556299
11556335
1155656
11556599
11556766
11556771
11556872
11557321
11557343
11557423
11557429
11557891
11558162
11558377
11558389
11558393
11558417
11558567
11558633
11558710
11558732
11558958
11559025
11559114
11559295
11559598
11560039
11560169
11560210
11560284
11560328
11560542
11560555
11560631
1156066
11560681
11560684
11560879
11561274
11561310
11561483
11561717
11561930
11561945
11561980
11562369
11562619
11562681
11562794
11562809
11562973
11563101
11563185
11563501
11563572
11563667
11563769
11563770
11564078
11564219
11564239
11564519
11564621
11564740
1156492
11565005
11565227
11565268
11565361
11565514
11565742
11566070
11566336
11566373
11566376
1156676
11566888
11567058
11567201
11567296
11567438
11567688
11567917
11568231
11568377
11568629
11568732
11568805
11569087
11569129
11569825
11569978
11570300
11570334
1157046
11570555
11571189
11571403
11571561
11571779
11571807
11571955
11572068
11572096
11572483
11572704
11572776
11573165
11573292
11573545
11573725
11574217
11574221
11574262
11574748
11574851
11575120
11575155
1157524
11575356
11575870
11576383
11576397
11576480
11576504
11577096
11577227
11577347
11577681
11578370
11578538
11578663
11579126
11579164
11579342
11579445
11579871
11579921
11580154
1158017
1158054
11580829
11581035
11581153
11581164
11581840
11581922
11582193
11582516
11582549
11583103
1158314
11583147
11583168
11583430
11583682
11584154
11585090
11585257
11585719
11585771
11586119
11586503
11587090
11587300
11587520
1158803
11588171
11588225
11588377
11588599
11588633
11588819
11588954
11589211
11589441
11589561
11589717
11589777
1158982
11589914
11590139
11590179
11590384
11590930
11591010
11591078
11591350
11591558
11591575
11591803
11592328
11592337
11592548
11592626
11593967
11593972
11594074
11594121
11594463
11594533
11594835
11594909
11594965
11595055
11595377
11595383
11595497
11596345
11596366
11596414
11596554
11596666
11596680
11596707
11596722
11597031
11597150
11597324
11597660
11597969
11598284
11598453
11598683
11599370
11599531
11599691
11600055
11600133
11600358
11600404
11600817
11601260
116023
11603337
11603346
11603488
11603575
11604320
11604644
11604645
11604656
11604800
11604881
11604978
11605413
11605467
11605553
11605729
11605741
11606753
11606903
11606919
11606959
11607113
1160727
11607280
11607593
11608452
11608582
11608598
11608692
11609092
11610111
11610770
11610851
11610965
11611062
11611715
11611793
11612101
11612225
11612301
11612475
11612594
11613331
11613346
11613699
11613876
11613880
11614029
11614158
11614478
11614505
11614601
11614881
11615331
11615503
11616311
11617003
11617093
11617596
11618014
11618388
11618555
11618920
11619146
11619216
11619457
11619532
11619585
11619592
11619625
11619628
11619655
11619704
11619740
11619834
11619848
11620108
11620223
11620760
11620894
11621758
11621859
11622047
11622333
11622335
11622374
11622521
11622604
11622661
11622832
11623244
11623415
11623479
11624221
11624274
11624279
11624413
11624501
11624763
11625528
11625867
11626188
11626434
11626438
11626567
11626658
11627001
11627164
11627473
11628232
11628341
11628543
11628630
11628700
11628853
11628949
11629045
11629141
11629171
11629182
11629349
11629358
11629547
11629729
11630511
11630538
11630942
11631429
11631496
11631648
11631728
11631991
11632485
11632611
11632829
11633026
11633076
11633499
1163358
11633749
11633825
11633967
11634196
11634258
11634440
11635280
11636377
11636640
11637205
11637378
11637401
11637450
11637572
11637628
11637915
11637984
11637986
11637994
11638168
11638228
11638597
11638866
11638936
11639337
11639353
11639420
11640393
11640964
11641385
11641560
11641767
11642290
11642628
11642758
11642975
11643802
11643806
1164385
11644176
11650680
11650736
11650867
11651339
11651360
11651934
11652008
11652121
11652271
11652395
11652753
11652982
11652994
11653013
11653095
11653181
11653268
11653441
11653602
11653668
11653674
11653692
11653760
11653809
11653842
11654478
11655217
11656161
11656232
11656245
11656318
11656497
11656556
11656767
11656773
11657180
11657250
11657487
11657606
11657611
11657768
11658114
11658397
11658601
11658712
11658781
11659068
11659173
11659191
11659256
11659348
11659492
11659522
11659619
11659683
11659743
11659816
11660033
11660065
11660104
11660721
11660895
11660969
11660990
11661223
11661596
11661677
11662093
11662115
11662484
11662561
11662852
11663173
11663320
11663774
11664074
11665014
11665270
11665306
11665475
11665545
11666036
11666508
11666545
11667464
11667881
11667886
11667922
11668053
11668158
11669113
11669661
11670015
11670210
11670215
11670292
11670419
11670596
11670633
11671517
11671638
11671713
11671848
11672875
11673015
11673370
11673441
11673782
11674244
11674252
11674346
11674356
11675176
11675195
11675437
11675944
11676044
11676313
11677192
11677198
11677351
11677934
11678474
11679382
11679518
11680234
11680262
11680292
11680822
11681771
11682315
11682423
11682604
11683595
11683974
11684051
11684167
11684578
11685444
11685469
11685801
11685835
11685859
11685865
1168599
11686344
11686548
11687333
11687538
11687543
11687620
11687836
11688717
11688817
11689022
11689522
11689555
11689696
11689758
11689927
11689971
11690268
11690868
11691128
11691156
11691535
11692437
11692608
11692705
11693123
11693379
11693559
11693814
11693821
11693993
11694487
11694595
11694724
11694737
11694810
11695104
11695201
11696191
11696211
11696635
11696920
11696930
11697355
11697639
11697808
11698613
11698710
11698905
11699180
11699719
11699732
11699879
11701161
11701217
11701357
11701579
11701660
11701667
11701918
11702064
11702115
11702329
11702475
11702612
11702753
11702891
11702988
11704187
11704405
11704676
11704728
11704827
11705645
11706505
11706561
11706589
11706754
11707386
11707598
11708032
11708303
11708357
11708831
11709275
11709344
11709388
11709451
11709851
11709903
11710539
11710657
11711346
11711423
11711567
11711691
11712239
11712280
11712389
11712517
11712762
11712771
11712804
11712885
11713082
11713198
11713347
11713516
11714404
11714448
11714645
11714707
11715081
11715304
11715375
11715632
11716058
11716228
11716275
11716400
11716841
11717127
11717222
11717551
11718014
11718112
11718415
11718489
11718656
11719482
11720129
11721020
11721621
11721723
11722633
11722668
11722784
11723038
11723248
11723677
11723783
11723903
11724121
11724538
11724755
11725102
11725539
11725712
11725714
11725739
11726078
11726265
11726390
11726611
11726829
11727493
11728333
11728438
11728940
11729016
11729453
11729700
11729759
11729923
11729959
11730075
11730474
11730927
11730998
11731085
11731315
11731539
11732030
11732082
11732300
11733010
11733616
11733620
11733647
11734663
11734691
11734762
11734831
11735343
11736913
11737008
11737077
11737795
11739102
11739465
11740031
11740058
11747369
11747752
11747801
11748485
11748583
11748586
11748674
11749049
11749383
11749689
11750266
11750824
11750978
11751027
11751062
11751178
11751453
11751512
11751545
11751604
11752520
11752669
11752674
11752679
11753439
11753467
11753532
11753708
11753768
11753838
1175432
11754508
11754514
11754772
11754984
11755149
11755411
11755491
11755496
11755999
11756002
11756076
11756374
11756428
11756472
11756555
11756575
11756604
11756607
11756744
11757571
11757721
11757852
11758230
11758604
11758800
11759174
1175998
11760436
11760806
11760942
1176105
11761113
11761597
11761710
11761984
11762016
11762045
11762118
11762187
11762483
11762491
11762547
11762613
11762705
11762931
11763650
11763685
11763696
11763881
11764168
11764358
11764480
11764895
1176517
11765860
1176600
1176618
1176640
11766540
11766580
11766614
11766656
11766675
11767921
11768611
11769167
11770416
11770459
11770465
11770690
11770774
1177133
11773071
11773682
11774264
11774265
11775463
11775595
11775702
11775826
1000140
1000206
1000326
1000433
1000459
1000597
1000701
1000754
1000826
1000931
1000985
1000994
1001002
1001015
1001113
1001930
1001956
1002229
100264
1004843
1004873
1004949
1005816
1005890
100663
1006667
1006983
1007340
100776
1007885
1007886
1007934
1007947
1007950
1007965
1008027
1008076
1008113
1008240
1008252
1008293
1008369
1008423
1008435
1008444
1008488
1008497
1008637
1008711
1008757
1008787
1008793
1008809
1008933
1008993
1009004
1009074
1009079
1009082
1009130
1009139
1009383
1009528
1009545
1009585
1009629
1009686
1009809
1009836
1009906
1009919
1009958
1010119
1010120
1010243
1010276
1010432
1010452
1010514
1010567
1010604
1010620
1010634
1010684
1010715
1010734
1010754
1010776
1010911
1010933
1010941
101099
1011016
1011052
1011079
1011102
1011175
1011222
1011223
1011417
1011541
1011545
1011600
1011671
1011741
101179
1011905
1012172
1012238
1012240
1012289
1012383
1012448
1012531
1012593
1012634
1012767
1012910
1012994
1013025
1013168
1013197
1013218
1013264
1013373
1013402
1013418
1013622
1013887
1013907
1014161
10143
1015022
1015048
1015052
1015763
1015959
1016721
1016829
1016930
1017014
1017064
1017099
1017196
1017456
1017510
1017585
1017717
1017719
1017753
1017794
1017879
1017941
1018054
1018099
1018112
1018130
1018136
1018464
1018520
1018560
1018587
1018682
1018768
1018833
1018869
1019122
1019139
1019172
1019445
1019483
101955
1020034
1020054
1020055
1020103
102088
1021036
1021050
1021119
1021120
1021192
1023696
1023958
1023971
1023992
1024337
1024390
1024464
1024565
1024818
1025074
1025086
1025090
1025125
1025132
1025149
1025172
1025201
1025266
1025285
1025298
1025300
1025466
1025513
1025538
1025567
1025571
1025809
1025852
1026181
1026214
1026269
1026327
1026364
1026514
1026530
1026532
1026577
1026581
1026602
1026698
1026713
1026721
1026819
1026891
1026984
1026995
1027018
1027061
1027159
1027203
1027208
1027239
1027256
1027363
1027376
1027460
1027470
1027484
1027603
102766
1027673
1027737
1027781
1027817
1027846
1027853
1027908
1027923
1027931
1027962
1027989
1028013
1028131
1028132
1028169
1028313
1028444
1028559
1028600
1028618
1028629
1028724
1028742
1028783
1028843
1028856
1028873
1028909
1028959
1028970
1028987
1029003
1029062
1029209
1029276
1029324
1029575
1029582
1029717
1029727
1029794
1029803
1029878
1029923
1030092
1030141
1030238
1030263
1030272
1030313
1030487
1030670
1030735
1030740
1030834
1030865
1030905
1030911
1030963
1031020
1031041
1031058
1031597
1031783
1031929
1032229
1032242
1032259
1032404
1032538
1032802
1032841
1032902
1033146
1033192
1033252
1033277
1033325
1033402
1033412
1033535
1033692
1033743
1033962
1034089
1034250
1034573
1034703
1035158
1035256
1035289
103541
1035553
1035599
1035612
1035639
1035647
1035794
1035829
1035854
1035859
1036226
1036417
1036729
103678
1037215
1037568
1037635
1037679
1037935
1038016
1038043
1038051
1038283
1038891
1039197
1039213
1039360
1039452
1039775
1039843
1039986
1040223
1040460
1041763
1041784
1042052
1042375
1043453
1043458
1044379
1044836
104571
1047364
1047624
1047734
1047901
1048119
1048134
1048329
1048381
1048513
1048938
1049076
1049438
1049587
1049761
1049812
1049979
1050367
1050383
1050415
1050512
1050544
1050789
1050901
1050939
1050983
1051027
1051220
1051269
1051275
1051371
1051687
1051883
1052177
1052219
1052281
1052311
1052319
1052404
1052531
1052543
1052568
1052595
1052717
1052762
1052782
1052865
1052932
1052942
1053031
1053060
1053129
1053237
1053307
1053315
1053382
1053423
1053562
1053593
1053814
1053816
1053828
1053906
1053907
1053925
1053941
1053995
1054021
1054081
1054110
1054136
1054176
1054202
1054315
1054415
1054469
1054504
1054666
1054690
1054703
1054864
1054911
1054993
1055015
1055039
1055156
1055207
1055714
1055776
1055865
1055903
1055951
1056045
1056157
1056384
1056392
1056445
1056611
1056803
1057104
1057122
1057136
1057218
1057428
1057577
1058106
1058287
1058393
1058401
1058415
1058471
1058554
1058567
1058681
1058728
1058835
1059199
1059207
1059306
1059323
1059545
1059636
1059645
1059850
1060029
1060033
1060054
1060107
106032
1060482
1060542
1060561
1060843
1060901
1061310
1061464
1061664
1061685
1061719
1061767
1061909
1062162
1062303
1062354
1062361
1062792
1062871
1062970
1063048
1063316
1063416
1063477
1063559
1063658
1063733
1063782
1063812
1064058
1064068
1064119
1064123
1064249
1064258
1064421
1064518
1064585
1064636
1064787
106479
1064995
1065031
1065146
1065215
1065322
1065612
1065659
1065881
1066003
1066014
1066091
1066132
1066203
1066294
1066485
1066769
1066797
1067149
1067188
1067248
1067318
1067372
1067461
1067580
1067593
1067616
1067724
1067765
1067829
1067880
1067898
1067910
1068152
1068875
1068966
1068972
1068985
106925
106926
1069415
1069439
1069506
1069574
1069620
1069905
1069958
1070145
1070204
1070329
1070352
1070406
1070419
1070459
1070753
1070898
1071317
1071319
1072327
1072337
1072737
1074828
1074850
1074895
1075256
1075332
1076055
1076267
1076573
1076771
1076922
1076942
1077183
1077218
1077540
1078061
1078108
1078378
1078817
1078858
1078901
1079008
1079564
1079931
1080005
1080019
1080123
1080346
1080728
1080799
1080856
1080930
1081188
1081262
1081310
1081452
1081460
1081548
1081785
1081932
1082010
1082278
1082301
1082323
1082559
1082878
1083460
1083755
1084035
1084096
1084486
1084493
1084513
1084607
1084722
1084753
1085186
1085187
1085249
108531
1085951
1085960
1086005
1086221
1086524
1086697
1086789
1086905
1087455
1088579
1089083
1089366
1089515
1089541
1089656
1090041
1090110
1090149
1093798
1094746
1094804
1095829
1096391
1096600
1096959
1097132
1097283
1097317
1097430
1097542
1097588
1097589
1097608
1097613
1097657
1097767
1097771
1097902
1098022
1098084
1098093
1098112
1098150
1098331
1098546
1098591
1098766
1098782
1098827
1098881
1099106
1099110
1099120
1099123
1099142
1099147
1099148
1099282
1099354
1099517
1099522
1099613
1099781
1099798
1099803
1099821
1099881
1099988
1100002
1100067
1100116
1100286
1100434
1100521
1100566
1100942
110145
11021680
11021839
11021930
11022289
11022369
11023063
11023087
11023355
11023518
11023925
11023970
11024080
11024175
11024674
11025313
11025317
11025376
11025381
11025399
11025930
11027498
1102768
11027782
11027816
1102834
11028636
11029034
11029494
11030244
11030554
1103076
11031218
11031382
11032241
11032249
11032282
11032507
1103270
1103302
1103328
1103357
1103405
11034656
1103505
11035308
11035416
11035628
1103574
1103599
11037315
11037454
1103763
11037897
1103886
1103948
11040334
1104036
1104081
11041499
1104150
11041659
11042110
1104221
11042296
11042593
11042839
1104358
11044353
1104437
11044372
1104516
11045516
11045943
11045952
11046075
11046129
11046147
11046157
11046222
11046230
11046260
11046984
1104728
11047483
11047955
11048044
11048471
1105005
11050495
11051215
11051635
11052002
11052739
11052825
1105367
11054532
11054766
11055330
11055369
11056875
11056941
11057493
1105816
11058593
11060667
11060676
11060689
11060862
11061519
11061629
11062231
110624
11062416
1106784
1106841
1106910
11070507
1107107
1107132
11071697
11071745
11071859
11071876
11071957
11072053
11072064
1107212
11072221
11072353
11072623
11072677
11072771
11072896
11072916
11073573
1107380
11073822
11073906
11074291
11074454
1107457
1107505
1107509
11075391
11075418
11075475
11075919
11075979
11076277
1107639
11076491
11076641
11076678
11076773
1107699
11077544
11077807
11078316
11078430
11078484
11078644
1107882
11079035
11079231
11079411
11079726
11079796
1108011
11080236
11080343
11080458
11080482
11080711
1108085
11081077
11081210
1108143
11081479
1108148
11081534
1108157
1108194
11081994
11082012
11082078
11082085
1108222
11082325
1108236
11082399
1108283
1108358
1108394
1108411
1108413
1108433
11084336
11084345
11084639
1108501
11085128
1108513
1108521
1108531
11085458
11085763
11086042
1108610
11086258
1108645
1108649
11086588
1108669
11086807
11086999
11087219
11087265
1108729
11087440
11087587
11087633
11087662
1108775
1108781
1108783
11087834
1108789
11087895
1108790
11088010
1108863
11088754
11088780
11089340
1108939
11089418
11089549
1109001
11090336
11090377
1109055
11090608
11090888
11090900
11091449
11091612
1109171
1109177
11091999
1109205
1109211
1109214
11092291
1109232
1109245
11092490
1109255
11092614
11092857
1109344
11093588
11093814
11093821
11093883
1109410
11094469
1109451
11094846
11094876
11095132
1109514
1109517
11095223
11095550
1109562
11095741
1109581
11096247
1109632
1109644
1109655
11096607
11096737
11096801
11097645
11097706
11098291
1109834
1109860
11098734
11098869
11098911
11098930
11098986
1109906
11099149
1109916
11099708
11100033
11100066
11100161
11100262
11100587
11100757
11100809
1110102
11101107
11101495
11101606
11102493
1110308
1110324
1110325
1110351
1110364
1110368
1110412
1110425
11104949
1110496
11105036
11105215
1110588
1110594
11106061
1110628
11106347
11106571
11106697
11106778
11106779
11106867
11106888
11106950
11106952
11107291
11107294
11107333
11107392
1110760
1110796
11108000
1110801
1110806
1110813
1110827
11108428
11108441
11108815
11109121
11109291
1110945
1111001
1111006
1111071
1111079
1111109
1111129
1111157
11111586
1111169
1111215
11112202
11112265
1111264
11112760
1111277
11112778
11112806
11112860
11112909
11113069
11113363
11113500
11113550
1111402
1111417
11114279
1111434
11114510
11114518
11114792
11115155
11115166
11115438
1111602
1111647
11116655
1111680
1111713
11117240
11117749
11117784
11117913
11117923
1111842
1111850
11118556
11118955
1111923
11119571
11119821
11120127
1112038
1112040
11120715
11120862
11121283
11121435
11122082
11122186
11122261
11122337
11122763
11122866
11123206
11123275
11123748
11123753
11123762
11124027
11125094
11125156
1112528
11125718
11125887
1112673
111268
11126838
11126895
11127250
11127323
11127658
11128308
11128737
11128804
11129233
11129731
1112997
11130499
11131139
11131262
11131902
11132030
11132119
11132130
11132301
11132568
11132818
11133625
11134495
11134507
11134761
11134917
11135017
11135177
11135192
11135845
11136231
11136298
11136727
11136877
11137544
11137951
11138673
11138738
11138893
11139243
11139587
11139672
11140397
1114046
11140945
11141076
11141172
11141287
1114138
11141527
11141938
11142113
11142162
1114218
11142412
11142476
11143152
1114321
11143233
1114334
11143380
11143820
11143947
11144148
11144496
11144514
11144897
11144936
1114505
11145072
1114518
1114532
11145753
11145788
1114601
1114613
11146213
11146404
11146828
11146955
11147035
11147163
11147200
11147333
11147543
11147562
11148567
11148748
11148770
11148895
11149218
11149489
11149525
1114981
1114982
11149894
11150002
11150079
1115035
11150440
11150796
11150798
1115104
11151591
11152115
11152702
11153359
11153431
11154064
11154300
1115445
11154458
1115453
11154749
11154960
11155110
11155148
1115515
11155626
11155678
1115588
11156003
11156007
11156291
11156618
11156917
11158259
11158725
1115889
11159721
11160117
11160165
1116027
11160299
11160423
11160618
11160782
11160817
11161053
1116142
11161722
11161944
11162009
11162032
11163560
11163652
11163790
11164409
11164539
11164794
11165109
11165227
11165578
11165639
11166519
11166531
11166892
11167085
11167119
11167315
1116797
11168070
11168102
11168145
11168179
11168527
11168565
11168649
11168663
1116868
11168788
11169101
11169275
11169278
11169325
1116953
11169720
11169750
11170054
11170619
11171030
1117115
11171284
1117136
11171386
11171461
11171610
11171760
1117203
11172461
11172562
1117278
1117303
11173033
11173088
11173146
11173401
11173531
11173581
11174018
1117411
11174135
11174312
11174489
11174681
11175632
11176041
11176106
11176296
11176701
11176797
11176986
11177047
1117709
11177148
1117719
11177417
11177473
11177975
11178114
11178689
11178901
11178928
11178950
11179201
11179662
1117970
11179732
11179808
11180054
1118010
1118030
111804
11180626
1118070
1118072
11180772
11180866
11181201
11181486
11181524
11181539
11181546
11182037
11182046
11182205
11182332
11182336
11182930
11182954
11183078
11183365
1118347
11183589
11183713
11183783
1118383
11183832
11183849
11183942
1118403
1118443
11184495
1118461
1118479
1118540
11185985
11186022
11186033
11186339
1118643
11186679
11186907
1118726
11187472
11187595
11187663
11187666
11187742
1118821
11188451
1118847
11188587
1118879
11189149
11189561
11189662
11189744
11189889
11190239
11190313
11190317
11190620
11190750
11190801
11190835
1119171
11191914
11191990
1119203
11192202
11192496
1119262
11192762
11192987
11193126
1119341
11194328
1119488
1119498
1119581
1119627
1119657
11197
1119709
1119838
1119887
1119944
1120008
1120026
1120054
1120124
1120152
1120163
1120164
1120187
11202119
1120228
1120229
11202297
11202492
11202496
11202595
1120296
11203059
11203335
1120336
11203499
11203633
11203790
11204057
1120414
11204203
11204799
11204905
1120496
1120541
1120542
1120606
1120622
11206298
11206381
11206513
11207231
11207440
1120773
11207952
11208074
11208249
11208295
1120863
1120867
11208746
11208953
1120908
1120959
11210052
1121032
11210455
11210573
11210619
11210746
1121110
11211608
11211685
11211754
11211836
11211871
11211895
11211981
11211994
11212086
11212228
11212274
11212314
11212343
11212383
11212465
11212541
11212650
11212725
11213133
11213272
1121355
11213847
1121396
1121402
11214102
1121412
112142
11214214
11214435
11214565
1121493
11214940
11214991
11215116
11215124
11215228
11215397
11215467
11215751
11216159
11216469
11216681
11216886
1121704
11217054
11217294
11217546
11217558
11217649
11217797
1121821
11218348
11218431
11218462
11218774
11218905
1121896
11219023
11219079
11219195
11219598
1121963
11219830
1122017
1122056
11220727
11220749
11220885
11220905
11220929
1122102
11221041
11221230
11221506
11221519
11221608
11221857
11221903
11222084
11222119
11222199
1122240
11222434
11222546
11222679
1122271
11222757
11223315
11223742
11223762
11223858
1122395
1122403
1122407
1122417
11224461
11224532
11224560
11224591
11224592
11225061
11225312
11225330
11225401
112257
1122605
11226201
11226233
11226730
11226904
11227002
11227217
11227890
11228555
11229145
11229441
11229496
11229666
11229937
1123003
11230391
1123096
11231026
11231138
1123159
11231868
11231921
11232104
1123237
11232985
11233109
11233505
11233839
11233940
1123397
11234183
1123425
11234776
11235105
11235206
1123569
11235697
11235730
11235791
11235992
11236146
11236265
11236700
11236971
11237078
11237094
11237242
11237266
1123757
11238681
11238987
1123902
1123938
11239735
11239787
11239821
11240107
11240110
11240563
11240789
11240900
11240948
11241099
11241128
11241283
11241516
11241734
11241865
11241979
11242563
11242585
11242612
11242707
11243091
11243371
11243653
11243671
11243771
11243969
11244215
11244230
11244793
1124486
11245625
11245685
11245778
11246151
11246206
1124656
11246734
11246745
11246753
11246954
11247006
1124725
11247324
11247327
11247522
11247646
1124848
11248509
11248565
11248588
11248595
11248838
11249442
11249740
11249898
11250128
11250153
11250671
11251282
11251460
11251622
11251705
11251822
11252041
11252381
11252934
11253106
11253781
11253970
11254681
11254703
11254846
11255142
11255995
11256361
11256513
11257031
11257413
11257518
11258136
11258245
11258493
11258547
11259263
11259954
11260158
11260898
11261626
11262442
11262561
11262891
11263418
11263678
11263795
11263817
11263856
11263922
11263940
11264126
11264202
11264397
11264616
11264634
11264833
11264897
11265392
11265550
11265573
11265681
11265868
11266129
11266458
11266492
11267381
11267469
1126776
11268026
11268116
11268434
11268813
11268841
11268981
11269070
11269124
11269208
1126923
11269254
11269678
11269774
11269862
11269960
112701
11270243
11270314
11270465
11271068
11271423
11271606
11272127
11272328
11272558
11272800
11272809
11273180
11273550
11273821
11274449
11274939
11274952
11275545
11275628
11276003
11276009
11276051
11276275
11276297
11276558
11276970
11277139
11277610
11277644
11277705
11277713
11277825
11278244
11278411
11278769
11279308
11280096
11281592
11281596
11281606
11281685
11281793
11281852
11282160
11282323
11282864
11283512
11283826
11284166
11284344
11284565
11284903
11285266
11285552
11285829
11286556
11286559
11287156
11287757
11287895
11287938
11287940
11288162
11288264
11288292
11288386
11288396
11288500
11288505
11288558
11288580
11288706
11289131
11289275
11289410
11290125
11290229
11290357
11290445
11290597
11291777
11291805
11291874
11292389
11292413
11292898
11293166
11293531
11293648
11293896
11294051
11294171
11294405
11294439
11294664
11295565
11295670
11295798
11296366
11296611
11296800
11297078
11297283
11297407
11297412
11298815
11299414
11299456
11299539
11299553
11299874
11300348
11300688
11301562
11301890
11302127
11302350
11302384
1130268
11302704
11303110
11303160
11303350
11303535
11303711
11303948
11303966
11304296
11304476
11304490
11304522
11304928
11305263
11305467
11305743
11305745
1130592
11306267
11306684
11307541
11308248
1130835
11308661
11308677
1130869
11308806
11308980
1130902
11309407
11309824
11309957
11309976
1131013
11310274
11310455
11310513
1131085
11310886
11311041
11311797
11312191
11312257
11312321
11312574
11312656
11312814
11312914
1131371
11313833
11313849
11314133
11314160
11314295
1131438
11314558
11315090
11315092
11315095
11315097
11315106
1131525
1131531
11315325
11315559
11315637
11315773
11315889
11315901
11316296
1131634
11316351
1131640
1131643
11316597
11316656
11316918
11316929
11316953
11317273
11317517
1131873
1131932
1131944
1132049
11320938
1132182
1132237
1132351
11326340
1132674
1132683
11326939
11326955
11328030
11328144
11328403
11328560
11328720
11329148
11329471
11329618
1133036
11330362
11330442
11330531
11330652
11331153
11331315
1133133
11331415
11331460
1133151
1133158
11331758
11331875
11331950
1133211
11332177
11332588
11332710
1133291
11333430
11333670
1133478
11335616
11335617
11336389
11336392
11336440
11336444
11336457
11336529
11336653
113369
11337756
11337788
11338022
11338029
11338045
11338385
11339214
11339341
11339636
11340196
11340578
11340800
11340812
11341042
11341117
1134113
11341134
1134131
11341340
11341390
11341553
11341723
11341770
11341832
11342048
11342208
11342231
1134260
11342635
11343411
11343539
11344001
11344223
11344894
11345056
11345178
11345440
11345527
11346923
11346941
11347858
11347927
11347941
1134829
11349059
11349171
11349801
11349824
11349874
11350191
11350433
11350465
11351478
11351694
11351847
11352052
11352189
11352495
11352497
11352747
11353085
11353517
11353648
11353916
11354475
11355085
11355105
11355215
11355218
11356194
11356535
11356624
11356976
11357062
11357129
11357633
11357788
11357842
11358304
11358828
11358977
11359119
11360110
11360259
11360281
11360311
11360317
11360748
11360751
11360802
11360955
11361024
11361772
11361834
11362805
11362881
11363072
11363901
11364089
11364162
11364271
11364425
11364753
11364923
11365106
11365138
11365240
11365247
11365317
11365996
11366002
11366193
11366392
11366405
11366581
11366788
11366811
11366890
11366931
1136726
11367502
11367636
11368340
11368734
11369027
11369093
11369305
11369558
11369769
11369963
11370215
11370689
11370751
11370808
11371151
11371734
11371901
11372396
11372521
11372574
11372607
11372709
11372837
11373558
11373661
11374028
11374062
11374364
11374555
1137524
11375689
11376174
11376913
11376947
1137723
11377490
11377595
1137777
11378232
11378274
11378278
11378324
11378424
11378530
11378762
11378827
11378884
11379469
1137978
11379972
1138018
11380216
11380306
11380313
1138042
11380678
1138072
11381014
1138105
11381155
11381702
11381876
1138237
11382629
11382726
11382954
11383085
11383216
1138367
11383779
11384347
11384378
11384646
11384786
11385053
11385295
11385528
11385647
11385711
11385950
1138596
11386505
11386831
1138708
11387096
11387132
1138722
11387318
11387479
11387503
11388106
11388222
11388595
1138865
11388719
11389041
11389335
11389480
11389512
11389788
11390259
11390861
11391071
11391377
1139144
11391464
11391535
11391817
11391847
11392384
11392404
11392561
11392656
11392680
11392709
11394071
1139452
11394806
11394920
11394936
11395125
11395821
11395858
11395969
11396078
11396358
11396876
11396895
11397141
11397186
11397288
11397303
11397347
11397479
11397527
11398037
11398137
11398188
11398208
11398409
11398787
11398915
11399134
11399355
11399853
11399858
1140000
11400161
11400780
11400946
11400996
11400997
1140106
11401435
11401461
11401606
11401623
11401822
11401837
11401959
11402249
11402293
11402329
114025
11402575
1140303
1140321
11403327
11403411
11403438
11403616
11403729
11403744
11403779
11403867
11403954
11404516
11404755
11404881
11405529
11406322
11406504
1140732
11408150
11408326
11408376
1140853
11409304
1140964
11409836
1141021
11410394
11410610
1141070
11412028
11412062
11412308
11412335
11412789
11412820
11412877
11413189
11413288
11413306
11413509
11413709
11413891
11414614
11415593
11415768
11416509
11416571
1141664
11416705
1141690
11417391
11417581
11417584
1141786
11417877
11417978
11418316
11418465
11418567
11418707
11418716
11418934
11419009
11419099
11419104
11419183
11419186
11419335
11419839
11419977
11420956
11421427
11421442
11422363
11422458
11422715
11422837
11423229
11423264
11423514
1142392
11424329
11424487
11424701
11424855
11424899
11425094
11425403
11425602
11426397
11426686
11426988
1142790
11428129
11428868
11428912
11429645
1142974
11430164
11430572
11430704
1143086
11430909
11431174
11431208
11431221
11431275
1143193
11432064
11432262
11432708
11432725
11432937
11432962
11433373
11433396
11433464
11433764
11433885
1143514
1143642
1143788
1144096
1144198
11442166
11442266
11442469
11442960
11443048
11443062
11443134
1144341
11443475
11443500
11443517
11443763
1144390
11444188
11444422
1144445
11444493
11444609
114448
1144534
11445491
1144607
11446377
11446714
1144707
11447215
1144747
11448578
1144896
11449077
11449374
1144987
11449899
1145008
11450169
11450284
11450718
11450746
11450883
11450956
11451178
11451206
1145142
11451494
11451596
11451606
11451704
1145196
11452028
11452253
11452367
11453713
11454125
11454864
11454887
1145505
11455205
11455778
11456371
11456418
11456781
11456933
11457468
11457486
11458621
1145883
11459159
1145960
11459660
11459735
11460292
11460650
11460671
11460895
11461183
11461256
11461318
11461467
1146150
11461704
11461777
11462161
11462345
11462954
11463030
11463490
11463527
11463673
1146393
11464216
11464596
11464610
11465040
11465885
11466157
11466339
11466573
11466592
11466956
11467830
11467944
1146834
11468749
11469026
1146949
11469791
11469913
11469918
11470159
11470424
11470479
11470691
11470942
11471179
1147147
11472228
11472451
11472454
11472867
11472983
11473559
11473618
11473989
11474262
11474358
11474618
11474907
11475354
1147573
11476047
11476442
1147693
11477082
11477167
11477178
11477459
1147783
11478054
11478066
11478137
11478437
11478874
11478877
11478970
11478991
11478995
11480072
11480692
11480750
11480805
11480854
11480869
11480942
11481200
11481323
11481593
11481623
11481815
11481829
11481975
11482012
11482181
11482691
11483006
11483165
11483212
11483842
11483975
11484498
11484696
11485099
11485162
11485351
11485756
11486062
11486696
11486956
11487031
11487462
11487589
11487632
11487942
11488089
11488847
11488881
11489191
11489325
11489659
11489872
11489941
11490021
11490240
11490416
11490705
11490765
11490830
11491122
11491756
11491954
11492039
11492186
11492455
11492511
1149263
11492818
11492872
11492907
11493572
11493609
11493654
11493740
11493938
11494151
11494370
11494699
11495539
11496105
11496934
11497129
11497657
11497660
11497826
11497966
11498085
11498641
11498883
11499307
11499367
11499561
11500271
11500656
11501300
11501343
11501390
11501571
11501671
11501764
11502209
11502433
11502498
11502792
11503209
11503435
11503712
11503828
11503935
11504080
11504131
11504170
11504445
11504814
1150558
11505676
11505985
11506142
11506537
11506547
11506946
11506961
1150717
11507819
11508232
11508311
11508535
11508590
11508671
11508678
11509021
11509188
11509341
11510050
11510179
11510474
11510646
11510910
11511373
11511830
11511945
11512058
1151237
11512451
11512944
11512969
11513690
11514384
11514450
11514981
11515044
11515155
11515494
11515571
11515608
11515883
11515891
11515983
11516513
11516692
11516811
11517610
11517847
11518500
11520103
11520371
11520706
11520886
11520952
11521448
11521652
11522830
11523121
11524021
11524146
11524427
11524906
11524973
11525057
11525296
11525442
11525573
11525843
11526169
11526244
11526253
11526542
11526885
11527105
11527148
11527159
11528268
11529089
11529497
11529501
11529641
11529781
11530327
11530341
1153050
11530552
11530721
11530838
11530897
11531720
11531721
11531727
11531728
11531967
11532184
11532223
11532317
11532747
1153285
11533102
11533185
11533647
11533649
11534037
11534450
11534593
1153509
1153520
11535383
11535474
11536083
11536138
11536357
11536746
11536826
11536909
11537751
11537918
11537937
11538476
11538602
11538678
11538685
11538983
11538989
11539151
11539451
11539682
11539973
11540432
11540939
11541522
115439
1154821
11549653
11550053
11550516
11550518
11550539
11550607
11550709
11550741
11551469
11552026
11552276
11552288
11552532
11552930
11553485
11553895
11554041
11554169
11554770
11555156
11555623
11555636
11556043
11556266
11556513
11556526
11556729
11556912
11557432
11557505
11557579
11557711
11558268
1155943
11559534
1155973
11559928
11560171
11560241
11560670
11561231
11561318
11561432
11561878
11562192
11562263
11562493
11562668
11562922
1156301
11563137
11563186
11563213
11563226
11563415
1156344
11563480
11563601
11564156
11565262
11565729
1156615
11567305
11567319
11567392
11567996
11568331
1156835
11568663
11568851
11568888
11569122
11569211
11569733
11570059
11570079
11570183
11570193
11570248
11570389
11570838
11571344
11571353
11571529
11571640
11571756
11571940
11572060
11572114
1157238
11572840
11572849
11573077
11573135
11573347
11573375
11573463
11573573
11573963
11574013
11574053
11574136
11574140
11574296
11574619
11574698
11574733
11574737
11575439
11575834
11576021
11576294
11576349
11576509
11576588
11576993
11577694
11578161
11578304
11578396
11578557
11578882
11579613
11579882
11580084
11580478
11580835
11580958
11581139
11581260
11581479
11581674
1158177
11581879
11582068
11582118
11582505
11582512
11582732
11582789
11582816
11583619
11583701
11583998
11584443
11584699
11585058
11585317
11585347
11585512
11585575
11585876
11585947
11587003
11587105
11587532
11587591
11587623
11587710
11588364
11588531
11588736
11589009
11589029
11589956
11590120
11590267
11590348
11590684
1159085
11590879
11591000
11591091
11591098
11591175
11591257
1159130
11591368
11591393
11591699
11591889
11591997
11592179
11592310
11592405
11592607
11592825
11593249
11593250
11593355
11593360
11593404
11593593
11593621
11593732
11594107
11594308
11594646
11594713
11595160
11595198
11595306
11595415
11595708
11596044
11596583
11596599
11597021
11597795
11598754
11599270
11599543
11599584
11599656
11599661
11600396
11600778
11601212
11601274
11601285
11601310
11601710
11602168
11602436
1160247
11602488
11602678
11603067
11603269
11603572
11603713
11603847
11604029
11604508
11604989
11605015
11606175
11606465
1160665
11606768
11606838
11606915
11607310
1160789
11608340
11608712
11608835
11608837
11609215
11609265
11609653
11609916
11610345
11610401
11610459
1161053
11610990
11611167
11611255
1161161
11611647
11612109
11612512
11612591
11612614
11612912
11613223
11613900
11613902
1161417
11614270
11614463
11614685
11614894
11615558
11615637
11616126
11616136
11616314
11616688
11616971
11617099
11617466
11617818
11617847
11618518
11618734
11618744
11618912
11619328
11619450
11619649
11619682
11619890
11620331
11620594
11621110
11621352
11621357
11621536
11621809
11621812
11621843
11621903
11621996
11622421
11622484
11622646
11623039
11623245
11623249
11623535
11623750
11624021
11624058
11624095
11624198
11624301
11624552
11624810
11624937
11624968
11625190
11625248
11625364
11625436
11625890
11625911
11626058
11626060
11626331
11626823
11627421
11627535
11627851
1162812
1162828
11628660
11628663
11628730
11628787
11628821
11629282
11629329
11629407
11629461
11629523
11629543
11630251
11630276
11630395
11630512
11630567
11631120
11631699
11632
11632267
11632459
11632555
11633131
11633267
11633474
11633490
11633495
11633808
11633831
11633999
11634191
11634646
11634655
1163516
11635722
11636096
11636409
11636463
11636843
11637022
11637241
11637602
11637699
11637799
11638367
11638382
11638390
11638833
11639108
11639258
11639586
11639733
11640150
11640310
11641167
11641532
11641916
11641947
11642076
11642895
11643397
11643403
11643869
11643872
11643894
11644015
11651460
11651949
11652222
11652427
11652520
11652529
11652744
11652775
11653014
11654010
11654310
11654357
11654751
11656183
11656209
11656231
11656264
11656532
11656983
11657144
11657539
11657934
11658009
11658064
11658803
11659175
116595
11659611
11660409
11660678
11660888
11660920
11661269
11661308
11661398
11661549
11661725
11661871
11661933
11661987
11662112
11662307
11662360
11662474
11662797
11663556
11663754
11664119
11664636
11664963
11665175
11665211
11665591
11666505
11666605
11666780
11666939
11667035
11667121
11667202
11667490
11667515
11667678
11667683
11667698
11668015
11668065
11668537
11668646
11669828
11670139
11670165
11670257
11670362
11670375
11670511
11670774
11670913
11670982
11671193
11671467
11671472
11671512
11671527
11671599
11671887
11672448
11672688
11672954
11673003
11673221
11673457
11673539
11673594
11673828
11673981
11674436
11674452
11674724
11674872
11675301
11675420
11675481
11675483
11675765
11675771
11675780
11675831
11676374
11676506
11676648
11676699
11676828
11677036
11677066
11677187
11677413
11677498
11677729
11677877
11677928
11678207
11678446
11678503
11678724
11679263
11679294
11679319
11679453
11679930
11680147
11680421
11680654
11680781
11680861
11680916
11681023
11681320
11681583
11682004
11682072
11682234
11682296
11682490
11682526
11682658
11682882
11682975
11682983
11683489
11683707
11685060
11685596
11685769
11685921
11686335
11686382
11686972
11687151
11687485
11687575
11687585
11687626
11687642
11687954
11688112
11688321
11688614
11688851
11688987
11689393
11689572
11689616
11689651
11690077
11690135
11690211
11690362
11691143
11691174
11691179
11691471
11691626
11692085
11692106
11692112
11692210
11692237
11692406
11692776
11693473
11693762
11693796
11693803
11693868
11693976
11694000
11694108
11694256
11694579
11694620
11694630
11695138
11695167
11695369
11695706
11695792
11695946
11696264
11696318
11696386
11696614
11697191
11697256
11697564
11697611
11697759
11697827
11699071
11699198
11699248
11699249
11699518
11699691
11699738
11699756
11699953
11700042
11700168
11700278
11700283
11700409
11701007
11701119
11701141
11701264
11701277
11701586
11701782
11702147
11702180
11702336
11702747
11703154
11703252
11703473
11703682
11703780
11703858
11704010
11704024
11704495
11704508
11704562
11705328
11705597
11706317
11706743
11706799
11706906
11707220
11707291
11707590
11707896
11708089
11708447
11708672
11709199
11709346
117096
11709808
11709908
11710218
11710366
11710859
11710999
11711151
11711420
11711661
11711925
11712037
11712087
11712120
11712170
11712950
11713072
11713738
11714212
11714275
11715446
11715569
11715626
11716108
11716140
11716535
11716959
11716975
11717059
11717076
11717296
11717651
11717657
11718223
11718320
11718802
11719357
11719512
11719595
11719706
11719783
11720027
11720094
11720285
11720855
11720888
11721155
11721448
11721702
11721772
11721818
11721851
11721901
11722170
11722482
11722547
11722671
11722678
11722756
11723287
11723375
11723575
11723687
11724023
11724873
11724963
11725007
11725183
11725406
11725980
11726234
11727187
11727201
11727415
11728560
11728883
11729069
11729110
11729313
11729341
11729421
11729880
11730338
11730361
11730421
11730449
11730577
11730606
11730758
11731317
11732558
11732589
11732674
11732757
11732917
11732943
11732950
11733435
11734218
11734303
11734391
11734515
11734558
11734986
11734990
11735078
11735204
11735295
11735463
11735956
11736340
11736529
11737061
11737218
11737318
11737405
11737871
11738287
11738519
11738638
11738649
11739201
11739720
11739742
11740033
11740443
11740619
117421
11746679
11746806
11747072
11747137
11748092
11748567
11748842
11748914
11749127
11749197
11749521
11749837
11749846
11750016
11750133
11750333
11750335
11750891
11750956
11750966
11751064
11751083
11751834
11752024
11752048
11752148
11752192
11752203
11752631
11753098
11753273
11753580
11754171
11754267
11754501
11754874
11755259
11755734
11755768
11755948
11755958
11756015
11756356
11756802
11756841
11757184
11757267
11757634
11757642
11757686
11757740
11757910
11757915
11758069
11758186
11758405
11758633
11758653
11758669
11758861
11759029
11759844
11759995
11760060
11760099
11760163
11760418
11760483
11760486
1176066
11760801
11760891
11760958
11761108
11761151
11761240
1176127
11761457
11761910
11762005
11762283
11762853
11762921
11763014
11763546
11763848
11764007
11764224
11764387
11764506
11765604
11765917
11766018
11766083
11766296
11766471
11766693
11766721
11766916
11767662
11767896
11768907
11770060
11770262
11770624
11770799
11770977
11771396
11771473
11771734
1177189
11772196
11772368
11772710
11772913
11772972
11773061
11773293
1177339
11773488
1177359
11773673
11773940
11774188
11774207
11774263
11774834
11775651
11775715
11775767
151042
1052987
1139072
18104262
647291
935697
975540
1097963
1098248
11770112
1139384
1118662
40397056
1066809
11888270
11375425
40820300
242356
40120360
434384
11558585
39981067
40264066
1000092
100032
1001162
1004078
100422
1004354
1005115
1006060
1006409
1006419
1007717
1007988
1008039
1008092
100848
1008733
1008741
1009047
1009195
1009257
1009420
1009557
1009665
1009764
1009804
1010049
1010158
101016
1010202
1010240
1010241
1010457
1010555
1010740
1011129
101122
1011308
1011333
1011367
1011475
101150
1011522
1011748
1011950
1011974
1012033
1012486
1012498
1012570
1012631
1012678
101269
1012896
1013214
1013416
1013848
1014229
101478
101622
1017732
1018151
1018204
1019016
1019385
101939
102026
1021023
102168
102200
1024953
1025261
1025462
1025646
1025649
102588
1026197
1026199
102637
1026665
1026736
1026793
1026823
1026947
1027663
1027765
1027802
1027909
1028297
1028547
1028721
1028866
102929
102951
1029682
1030044
1030229
1030507
1030540
1031090
1031594
1031730
1031951
1032074
1032363
1032612
1032928
10340
1034286
1034336
1034917
1035407
10365
1036531
1036820
10382
1038326
1038742
1039070
1039191
1039368
1039459
1039650
1040192
104021
1041362
1046577
1047510
1047880
10481
1048274
1048557
1049769
1050538
1050752
1051098
1051495
1051831
1051958
10521
1052276
1052429
1052612
1052832
1053299
1054022
1054088
1054401
1054705
1055055
1055791
1056169
1056179
1056397
1056832
1056899
1057305
1057779
1057789
1057945
1057997
1058241
1058344
1058434
1058645
1058771
1058817
1059075
1059159
1059304
1059796
1059970
1060049
1060131
1060272
1060302
106089
1061206
1062272
1062376
1062721
1062961
1063072
1063286
1063352
1063369
1063409
1064145
1064172
1064406
1064818
1065198
1065252
1065380
1065526
1066315
1066378
1066752
1066759
1066844
1066943
1067020
1067034
1067291
1067449
1067475
1067936
1068065
1068268
106870
1069399
1069517
1069624
1069874
1070162
1070428
1070556
1070572
1070810
1070851
1072265
107257
1073554
1076871
1078851
1079191
1080602
10808
1080956
108169
1082291
1082713
108507
108582
1086288
1086659
1087002
1087068
1087457
1089135
1089708
1090005
1090295
109039
109091
109299
1094810
109630
1096960
1097742
1098167
1098256
1098271
1098507
109863
109879
1098915
1098955
1098973
1099105
1099172
1099474
1099482
1099612
1099735
1099906
1100357
1100506
1100741
1101706
1101731
11021
11022204
11024097
11024187
11025091
11025780
11026360
11026780
11026932
11027506
1102809
11028550
11029463
1102951
11030357
11030712
11030939
11031254
1103146
11031475
11033041
11033160
1103368
11033893
11033997
11036176
11036386
11036401
11037155
11037193
11037238
1103735
11037536
11037766
1103864
11040207
11040458
11040767
11042066
11042264
1104256
11042758
11043501
11044581
11044736
1104559
11045949
11046195
110468
11047744
11047768
1104953
11052260
110523
11052818
11053003
11054556
11054573
11054680
1105527
11055773
11056070
11057105
11057773
11058814
11060938
1106300
1106926
11072277
11072492
11074174
11074723
1107539
11075829
11075886
1107632
11077829
1107787
11078339
11078548
11078617
11079017
11079099
11079364
11079387
11079398
1107959
1108008
11080158
1108030
11080306
1108045
11080751
1108178
11082398
11082624
11082664
1108281
1108319
11084077
1108422
11084705
11085346
11085501
11086055
11086162
11086537
11087412
11087616
110880
11088731
11089327
1108934
11089430
11089493
1109031
11090856
11091852
11092036
1109204
1109282
1109326
11093949
11094026
11094663
11096291
1109659
11096733
1109687
11098088
1109929
1109944
11099653
11099922
1109995
11100364
1110067
11100724
11100981
1110131
11101668
11101895
11102443
1110250
11103182
11103247
1110327
11104757
11105425
11106300
11107665
11107735
11110028
11110153
11111338
1111217
11112838
11113048
1111376
1111423
11115621
11116131
11116149
1111657
1111779
1111827
11118965
1111939
11119847
11120609
1112095
1112104
11121153
1112139
1112158
11122709
1112299
11123045
11123939
11124823
11125938
11126082
11126340
1112642
11126526
11126760
11126897
11127078
11127482
11128366
11128657
11128904
11130288
11130541
11131945
11132193
11132976
11134067
11135961
11135987
11136112
11136743
11137110
11137143
11138390
11138475
11139715
11140030
11140361
11140564
11140992
11142756
1114419
11144887
11145041
11145434
1114571
11145833
11145911
11149131
11149442
111503
11150553
11150869
11151038
11152232
11152417
11152909
1115336
1115365
11153806
11153839
11154910
11155123
11155375
11155653
11155718
11156043
11156083
11156479
11157963
11158210
11158257
11158286
11158859
11158899
11159965
11160318
1116059
11162452
11162741
11162818
11163565
1116369
11164101
11164305
11164602
11164691
11167067
11168239
11168748
11168889
11169134
11170581
11171355
11171844
11172296
11172821
1117336
11174297
11174299
11174823
11175576
11175763
11176085
11176477
1117662
11176795
1117691
11176911
11177015
1117743
11177822
11177911
11177984
11178148
11178433
11178591
11178835
11179452
11179971
11179987
11180297
11180701
11180859
11181388
1118242
11182771
11182850
11184031
11184391
11184877
11185807
11186785
11189093
1118921
11189897
1119000
11192002
11192188
11192449
11193025
1119377
11201417
11202310
11202320
112024
11202499
1120342
11203460
11203485
11204497
1120463
11205582
11205591
11205980
1120614
11206280
11206522
11206650
11207434
11207525
11207996
11208546
11208870
11209895
11210212
11210801
11212023
11212393
11212703
11212946
11213605
11213789
11214639
11215099
11215207
11215234
11216071
11216155
1121623
1121641
1121666
11218600
11219335
11219592
11221123
11221214
1122243
1122359
1122391
11225745
11227177
11227402
11227910
11227922
11228577
11228848
11228864
11228992
11229195
11229361
11229394
11230335
11231285
11231463
11231956
1123212
11232843
11233312
11233636
11233877
11234366
11234582
11234753
11234787
1123481
11235740
11235776
11236429
11236443
11236796
11236817
11237139
11237644
11237941
11238586
11238589
11239184
11240073
11240138
11240479
11241284
11242973
11243115
11243773
1124398
11244224
11246170
11246785
11246842
11247022
11247026
11247033
1124720
1124754
11247541
11248719
11251457
11252060
11252838
11253111
11256852
11257018
11257447
11257770
11258140