P_Profile
1000070
1000132
1000221
1000258
1000271
100033
1000343
1000369
1000427
1000429
1000459
1000481
1000491
1000576
1000592
1000798
1000811
1000908
1000985
1000994
1001052
1001094
1001216
1001217
1001219
1001332
1001368
100179
1002229
1002503
1002585
100268
100286
1003478
1003989
1004094
1004155
1004245
1004322
1004403
1004726
1004768
1004909
1004993
1005030
1005043
1005113
1005156
1005274
1005589
1005677
1005890
1006200
10063
1006359
1006419
100663
1006657
100680
1006802
1007569
1007675
1007742
100779
1007817
1007873
1007883
1007885
1007886
1007887
1007896
1007909
1007947
1007950
1007965
1007970
1007988
1008025
1008036
1008039
1008050
1008059
1008188
1008191
1008197
1008229
1008260
1008262
1008263
1008293
1008307
1008311
1008369
1008371
1008389
1008423
1008444
1008487
1008515
1008517
1008526
1008534
1008535
1008545
1008597
1008600
1008638
1008670
1008717
1008741
1008787
1008800
1008808
1008809
1008811
1008822
1008828
1008881
1008933
1008951
1008988
1008993
1009041
1009057
1009074
1009169
1009184
1009186
1009188
1009189
1009195
1009213
1009234
1009268
1009270
1009298
1009301
1009328
1009436
1009484
1009513
1009574
100958
1009584
1009641
1009664
1009713
1009716
100981
1009814
1009851
1009859
1009914
1009919
1009941
1010003
1010059
101008
1010091
1010119
1010194
1010195
1010271
1010276
1010285
1010288
1010381
1010408
1010429
1010432
1010492
1010525
1010527
1010567
1010600
1010620
1010630
1010634
1010635
1010689
1010704
1010715
1010732
1010740
1010761
1010832
1010833
1010857
101086
1010908
1010927
101099
1011005
1011016
1011020
1011052
1011084
1011090
1011091
1011107
1011112
1011248
1011319
1011418
1011516
1011587
1011660
1011671
1011719
1011748
1011749
1011787
1011844
1011909
1011945
1012059
1012064
1012071
1012100
101220
1012208
1012240
1012301
1012413
1012487
1012488
1012501
1012531
1012558
1012576
1012631
1012676
1012747
1012787
1012927
1012956
1013090
1013130
1013188
1013248
1013253
1013315
1013373
1013389
1013390
101341
1013444
1013459
1013479
1013717
1013878
1013905
1013925
10150
1015022
1015545
1015575
1015903
1016126
1016250
1016516
101665
1016827
1016930
1016985
1016992
1017002
1017005
1017017
1017063
1017089
1017107
1017117
1017127
1017184
1017266
1017278
1017412
1017456
1017528
1017530
1017686
1017717
1017719
1017788
1017829
1017832
101786
1017877
1017941
1017983
1018032
1018079
101809
1018091
1018104
1018136
1018142
101817
1018189
101829
1018347
1018427
1018435
1018462
1018485
1018530
1018591
1018662
1018692
1018774
1018790
1018852
1018860
1018942
1019048
1019104
1019145
101915
1019172
1019236
1019268
1019282
1019328
1019409
1019418
1019481
1019496
1019519
1019583
1019621
101976
1020037
1020038
1020096
1020182
1020246
1020298
1020392
1020459
1020499
1020563
1020678
1020684
1020736
102088
1020889
1020893
1021008
1021050
1021085
1021292
1021304
102132
10222
1022239
1022446
102289
1023251
1023497
1023674
1023723
1023789
1023860
1023869
1023892
1023893
1023958
1023983
1023984
1023992
1024009
1024011
1024025
1024028
1024093
1024104
1024120
1024127
1024169
1024202
1024209
1024219
1024258
1024266
1024270
1024280
1024290
1024311
1024337
1024339
1024370
1024377
1024390
1024405
1024437
1024445
1024475
1024496
102451
1024522
1024538
1024541
1024544
1024565
1024569
1024577
1024605
1024651
1024657
1024683
1024702
1024709
1024717
1024722
1024780
1024787
1024803
1024827
1024832
1024850
1024855
1024856
1024857
1024875
1024881
1024895
102492
1024977
1025006
1025086
1025128
1025137
1025142
1025170
1025201
1025219
102526
1025261
1025273
1025279
1025281
1025298
1025352