P_ProfileID
71058000
71058001
71058002
71058003
71058004
71058005
71058006
71058007
71058008
71058009
71058010
71058011
71058012
71058013
71058014
71058015
71058016
71058017
71058018
71058019
71058020
71058021
71058022
71058023
71058024
71058025
71058026
71058027
71058028
71058029
71058030
71058031
71058032
71058033
71058034
71058035
71058036
71058037
71058038
71058039
71058040
71058041
71058042
71058043
71058044
71058045
71058046
71058047
71058048
71058049
71058050
71058051
71058052
71058053
71058054
71058055
71058056
71058057
71058058
71058059
71058060
71058061
71058062
71058063
71058064
71058065
71058066
71058067
71058068
71058069
71058070
71058071
71058072
71058073
71058074
71058075
71058076
71058077
71058078
71058079
71058080
71058081
71058082
71058083
71058084
71058085
71058086
71058087
71058088
71058089
71058090
71058091
71058092
71058093
71058094
71058095
71058096
71058097
71058098
71058099
71058100
71058101
71058102
71058103
71058104
71058105
71058106
71058107
71058108
71058109
71058110
71058111
71058112
71058113
71058114
71058115
71058116
71058117
71058118
71058119
71058120
71058121
71058122
71058123
71058124
71058125
71058126
71058127
71058128
71058129
71058130
71058131
71058132
71058133
71058134
71058135
71058136
71058137
71058138
71058139
71058140
71058141
71058142
71058143
71058144
71058145
71058146
71058147
71058148
71058149
71058150
71058151
71058152
71058153
71058154
71058155
71058156
71058157
71058158
71058159
71058160
71058161
71058162
71058163
71058164
71058165
71058166
71058167
71058168
71058169
71058170
71058171
71058172
71058173
71058174
71058175
71058176
71058177
71058178
71058179
71058180
71058181
71058182
71058183
71058184
71058185
71058186
71058187
71058188
71058189
71058190
71058191
71058192
71058193
71058194
71058195
71058196
71058197
71058198
71058199
71058200
71058201
71058202
71058203
71058204
71058205
71058206
71058207
71058208
71058209
71058210
71058211
71058212
71058213
71058214
71058215
71058216
71058217
71058218
71058219
71058220
71058221
71058222
71058223
71058224
71058225
71058226
71058227
71058228
71058229
71058230
71058231
71058232
71058233
71058234
71058235
71058236
71058237
71058238
71058239
71058240
71058241
71058242
71058243
71058244
71058245
71058246
71058247
71058248
71058249
71058250
71058251
71058252
71058253
71058254
71058255
71058256
71058257
71058258
71058259
71058260
71058261
71058262
71058263
71058264
71058265
71058266
71058267
71058268
71058269
71058270
71058271
71058272
71058273
71058274
71058275
71058276
71058277
71058278
71058279
71058280
71058281
71058282
71058283
71058284
71058285
71058286
71058287
71058288
71058289
71058290
71058291
71058292
71058293
71058294
71058295
71058296
71058297
71058298
71058299
71058300
71058301
71058302
71058303
71058304
71058305
71058306
71058307
71058308
71058309
71058310
71058311
71058312
71058313
71058314
71058315
71058316
71058317
71058318
71058319
71058320
71058321
71058322
71058323
71058324
71058325
71058326
71058327
71058328
71058329
71058330
71058331
71058332
71058333
71058334
71058335
71058336
71058337
71058338
71058339
71058340
71058341
71058342
71058343
71058344
71058345
71058346
71058347
71058348
71058349
71058350
71058351
71058352
71058353
71058354
71058355
71058356
71058357
71058358
71058359
71058360
71058361
71058362
71058363
71058364
71058365
71058366
71058367
71058368
71058369
71058370
71058371
71058372
71058373
71058374
71058375
71058376
71058377
71058378
71058379
71058380
71058381
71058382
71058383
71058384
71058385
71058386
71058387
71058388
71058389
71058390
71058391
71058392
71058393
71058394
71058395
71058396
71058397
71058398
71058399
71058400
71058401
71058402
71058403
71058404
71058405
71058406
71058407
71058408
71058409
71058410
71058411
71058412
71058413
71058414
71058415
71058416
71058417
71058418
71058419
71058420
71058421
71058422
71058423
71058424
71058425
71058426
71058427
71058428
71058429
71058430
71058431
71058432
71058433
71058434
71058435
71058436
71058437
71058438
71058439
71058440
71058441
71058442
71058443
71058444
71058445
71058446
71058447
71058448
71058449
71058450
71058451
71058452
71058453
71058454
71058455
71058456
71058457
71058458
71058459
71058460
71058461
71058462
71058463
71058464
71058465
71058466
71058467
71058468
71058469
71058470
71058471
71058472
71058473
71058474
71058475
71058476
71058477
71058478
71058479
71058480
71058481
71058482
71058483
71058484
71058485
71058486
71058487
71058488
71058489
71058490
71058491
71058492
71058493
71058494
71058495
71058496
71058497
71058498
71058499
71058500
71058501
71058502
71058503
71058504
71058505
71058506
71058507
71058508
71058509
71058510
71058511
71058512
71058513
71058514
71058515
71058516
71058517
71058518
71058519
71058520
71058521
71058522
71058523
71058524
71058525
71058526
71058527
71058528
71058529
71058530
71058531
71058532
71058533
71058534
71058535
71058536
71058537
71058538
71058539
71058540
71058541
71058542
71058543
71058544
71058545
71058546
71058547
71058548
71058549
71058550
71058551
71058552
71058553
71058554
71058555
71058556
71058557
71058558
71058559
71058560
71058561
71058562
71058563
71058564
71058565
71058566
71058567
71058568
71058569
71058570
71058571
71058572
71058573
71058574
71058575
71058576
71058577
71058578
71058579
71058580
71058581
71058582
71058583
71058584
71058585
71058586
71058587
71058588
71058589
71058590
71058591
71058592
71058593
71058594
71058595
71058596
71058597
71058598
71058599
71058600
71058601
71058602
71058603
71058604
71058605
71058606
71058607
71058608
71058609
71058610
71058611
71058612
71058613
71058614
71058615
71058616
71058617
71058618
71058619
71058620
71058621
71058622
71058623
71058624
71058625
71058626
71058627
71058628
71058629
71058630
71058631
71058632
71058633
71058634
71058635
71058636
71058637
71058638
71058639
71058640
71058641
71058642
71058643
71058644
71058645
71058646
71058647
71058648
71058649
71058650
71058651
71058652
71058653
71058654
71058655
71058656
71058657
71058658
71058659
71058660
71058661
71058662
71058663
71058664
71058665
71058666
71058667
71058668
71058669
71058670
71058671
71058672
71058673
71058674
71058675
71058676
71058677
71058678
71058679
71058680
71058681
71058682
71058683
71058684
71058685
71058686
71058687
71058688
71058689
71058690
71058691
71058692
71058693
71058694
71058695
71058696
71058697
71058698
71058699
71058700
71058701
71058702
71058703
71058704
71058705
71058706
71058707
71058708
71058709
71058710
71058711
71058712
71058713
71058714
71058715
71058716
71058717
71058718
71058719
71058720
71058721
71058722
71058723
71058724
71058725
71058726
71058727
71058728
71058729
71058730
71058731
71058732
71058733
71058734
71058735
71058736
71058737
71058738
71058739
71058740
71058741
71058742
71058743
71058744
71058745
71058746
71058747
71058748
71058749
71058750
71058751
71058752
71058753
71058754
71058755
71058756
71058757
71058758
71058759
71058760
71058761
71058762
71058763
71058764
71058765
71058766
71058767
71058768
71058769
71058770
71058771
71058772
71058773
71058774
71058775
71058776
71058777
71058778
71058779
71058780
71058781
71058782
71058783
71058784
71058785
71058786
71058787
71058788
71058789
71058790
71058791
71058792
71058793
71058794
71058795
71058796
71058797
71058798
71058799
71058800
71058801
71058802
71058803
71058804
71058805
71058806
71058807
71058808
71058809
71058810
71058811
71058812
71058813
71058814
71058815
71058816
71058817
71058818
71058819
71058820
71058821
71058822
71058823
71058824
71058825
71058826
71058827
71058828
71058829
71058830
71058831
71058832
71058833
71058834
71058835
71058836
71058837
71058838
71058839
71058840
71058841
71058842
71058843
71058844
71058845
71058846
71058847
71058848
71058849
71058850
71058851
71058852
71058853
71058854
71058855
71058856
71058857
71058858
71058859
71058860
71058861
71058862
71058863
71058864
71058865
71058866
71058867
71058868
71058869
71058870
71058871
71058872
71058873
71058874
71058875
71058876
71058877
71058878
71058879
71058880
71058881
71058882
71058883
71058884
71058885
71058886
71058887
71058888
71058889
71058890
71058891
71058892
71058893
71058894
71058895
71058896
71058897
71058898
71058899
71058900
71058901
71058902
71058903
71058904
71058905
71058906
71058907
71058908
71058909
71058910
71058911
71058912
71058913
71058914
71058915
71058916
71058917
71058918
71058919
71058920
71058921
71058922
71058923
71058924
71058925
71058926
71058927
71058928
71058929
71058930
71058931
71058932
71058933
71058934
71058935
71058936
71058937
71058938
71058939
71058940
71058941
71058942
71058943
71058944
71058945
71058946
71058947
71058948
71058949
71058950
71058951
71058952
71058953
71058954
71058955
71058956
71058957
71058958
71058959
71058960
71058961
71058962
71058963
71058964
71058965
71058966
71058967
71058968
71058969
71058970
71058971
71058972
71058973
71058974
71058975
71058976
71058977
71058978
71058979
71058980
71058981
71058982
71058983
71058984
71058985
71058986
71058987
71058988
71058989
71058990
71058991
71058992
71058993
71058994
71058995
71058996
71058997
71058998
71058999
71059000
71059001
71059002
71059003
71059004
71059005
71059006
71059007
71059008
71059009
71059010
71059011
71059012
71059013
71059014
71059015
71059016
71059017
71059018
71059019
71059020
71059021
71059022
71059023
71059024
71059025
71059026
71059027
71059028
71059029
71059030
71059031
71059032
71059033
71059034
71059035
71059036
71059037
71059038
71059039
71059040
71059041
71059042
71059043
71059044
71059045
71059046
71059047
71059048
71059049
71059050
71059051
71059052
71059053
71059054
71059055
71059056
71059057
71059058
71059059
71059060
71059061
71059062
71059063
71059064
71059065
71059066
71059067
71059068
71059069
71059070
71059071
71059072
71059073
71059074
71059075
71059076
71059077
71059078
71059079
71059080
71059081
71059082
71059083
71059084
71059085
71059086
71059087
71059088
71059089
71059090
71059091
71059092
71059093
71059094
71059095
71059096
71059097
71059098
71059099
71059100
71059101
71059102
71059103
71059104
71059105
71059106
71059107
71059108
71059109
71059110
71059111
71059112
71059113
71059114
71059115
71059116
71059117
71059118
71059119
71059120
71059121
71059122
71059123
71059124
71059125
71059126
71059127
71059128
71059129
71059130
71059131
71059132
71059133
71059134
71059135
71059136
71059137
71059138
71059139
71059140
71059141
71059142
71059143
71059144
71059145
71059146
71059147
71059148
71059149
71059150
71059151
71059152
71059153
71059154
71059155
71059156
71059157
71059158
71059159
71059160
71059161
71059162
71059163
71059164
71059165
71059166
71059167
71059168
71059169
71059170
71059171
71059172
71059173
71059174
71059175
71059176
71059177
71059178
71059179
71059180
71059181
71059182
71059183
71059184
71059185
71059186
71059187
71059188
71059189
71059190
71059191
71059192
71059193
71059194
71059195
71059196
71059197
71059198
71059199
71059200
71059201
71059202
71059203
71059204
71059205
71059206
71059207
71059208
71059209
71059210
71059211
71059212
71059213
71059214
71059215
71059216
71059217
71059218
71059219
71059220
71059221
71059222
71059223
71059224
71059225
71059226
71059227
71059228
71059229
71059230
71059231
71059232
71059233
71059234
71059235
71059236
71059237
71059238
71059239
71059240
71059241
71059242
71059243
71059244
71059245
71059246
71059247
71059248
71059249
71059250
71059251
71059252
71059253
71059254
71059255
71059256
71059257
71059258
71059259
71059260
71059261
71059262
71059263
71059264
71059265
71059266
71059267
71059268
71059269
71059270
71059271
71059272
71059273
71059274
71059275
71059276
71059277
71059278
71059279
71059280
71059281
71059282
71059283
71059284
71059285
71059286
71059287
71059288
71059289
71059290
71059291
71059292
71059293
71059294
71059295
71059296
71059297
71059298
71059299
71059300
71059301
71059302
71059303
71059304
71059305
71059306
71059307
71059308
71059309
71059310
71059311
71059312
71059313
71059314
71059315
71059316
71059317
71059318
71059319
71059320
71059321
71059322
71059323
71059324
71059325
71059326
71059327
71059328
71059329
71059330
71059331
71059332
71059333
71059334
71059335
71059336
71059337
71059338
71059339
71059340
71059341
71059342
71059343
71059344
71059345
71059346
71059347
71059348
71059349
71059350
71059351
71059352
71059353
71059354
71059355
71059356
71059357
71059358
71059359
71059360
71059361
71059362
71059363
71059364
71059365
71059366
71059367
71059368
71059369
71059370
71059371
71059372
71059373
71059374
71059375
71059376
71059377
71059378
71059379
71059380
71059381
71059382
71059383
71059384
71059385
71059386
71059387
71059388
71059389
71059390
71059391
71059392
71059393
71059394
71059395
71059396
71059397
71059398
71059399
71059400
71059401
71059402
71059403
71059404
71059405
71059406
71059407
71059408
71059409
71059410
71059411
71059412
71059413
71059414
71059415
71059416
71059417
71059418
71059419
71059420
71059421
71059422
71059423
71059424
71059425
71059426
71059427
71059428
71059429
71059430
71059431
71059432
71059433
71059434
71059435
71059436
71059437
71059438
71059439
71059440
71059441
71059442
71059443
71059444
71059445
71059446
71059447
71059448
71059449
71059450
71059451
71059452
71059453
71059454
71059455
71059456
71059457
71059458
71059459
71059460
71059461
71059462
71059463
71059464
71059465
71059466
71059467
71059468
71059469
71059470
71059471
71059472
71059473
71059474
71059475
71059476
71059477
71059478
71059479
71059480
71059481
71059482
71059483
71059484
71059485
71059486
71059487
71059488
71059489
71059490
71059491
71059492
71059493
71059494
71059495
71059496
71059497
71059498
71059499
71059500
71059501
71059502
71059503
71059504
71059505
71059506
71059507
71059508
71059509
71059510
71059511
71059512
71059513
71059514
71059515
71059516
71059517
71059518
71059519
71059520
71059521
71059522
71059523
71059524
71059525
71059526
71059527
71059528
71059529
71059530
71059531
71059532
71059533
71059534
71059535
71059536
71059537
71059538
71059539
71059540
71059541
71059542
71059543
71059544
71059545
71059546
71059547
71059548
71059549
71059550
71059551
71059552
71059553
71059554
71059555
71059556
71059557
71059558
71059559
71059560
71059561
71059562
71059563
71059564
71059565
71059566
71059567
71059568
71059569
71059570
71059571
71059572
71059573
71059574
71059575
71059576
71059577
71059578
71059579
71059580
71059581
71059582
71059583
71059584
71059585
71059586
71059587
71059588
71059589
71059590
71059591
71059592
71059593
71059594
71059595
71059596
71059597
71059598
71059599
71059600
71059601
71059602
71059603
71059604
71059605
71059606
71059607
71059608
71059609
71059610
71059611
71059612
71059613
71059614
71059615
71059616
71059617
71059618
71059619
71059620
71059621
71059622
71059623
71059624
71059625
71059626
71059627
71059628
71059629
71059630
71059631
71059632
71059633
71059634
71059635
71059636
71059637
71059638
71059639
71059640
71059641
71059642
71059643
71059644
71059645
71059646
71059647
71059648
71059649
71059650
71059651
71059652
71059653
71059654
71059655
71059656
71059657
71059658
71059659
71059660
71059661
71059662
71059663
71059664
71059665
71059666
71059667
71059668
71059669
71059670
71059671
71059672
71059673
71059674
71059675
71059676
71059677
71059678
71059679
71059680
71059681
71059682
71059683
71059684
71059685
71059686
71059687
71059688
71059689
71059690
71059691
71059692
71059693
71059694
71059695
71059696
71059697
71059698
71059699
71059700
71059701
71059702
71059703
71059704
71059705
71059706
71059707
71059708
71059709
71059710
71059711
71059712
71059713
71059714
71059715
71059716
71059717
71059718
71059719
71059720
71059721
71059722
71059723
71059724
71059725
71059726
71059727
71059728
71059729
71059730
71059731
71059732
71059733
71059734
71059735
71059736
71059737
71059738
71059739
71059740
71059741
71059742
71059743
71059744
71059745
71059746
71059747
71059748
71059749
71059750
71059751
71059752
71059753
71059754
71059755
71059756
71059757
71059758
71059759
71059760
71059761
71059762
71059763
71059764
71059765
71059766
71059767
71059768
71059769
71059770
71059771
71059772
71059773
71059774
71059775
71059776
71059777
71059778
71059779
71059780
71059781
71059782
71059783
71059784
71059785
71059786
71059787
71059788
71059789
71059790
71059791
71059792
71059793
71059794
71059795
71059796
71059797
71059798
71059799
71059800
71059801
71059802
71059803
71059804
71059805
71059806
71059807
71059808
71059809
71059810
71059811
71059812
71059813
71059814
71059815
71059816
71059817
71059818
71059819
71059820
71059821
71059822
71059823
71059824
71059825
71059826
71059827
71059828
71059829
71059830
71059831
71059832
71059833
71059834
71059835
71059836
71059837
71059838
71059839
71059840
71059841
71059842
71059843
71059844
71059845
71059846
71059847
71059848
71059849
71059850
71059851
71059852
71059853
71059854
71059855
71059856
71059857
71059858
71059859
71059860
71059861
71059862
71059863
71059864
71059865
71059866
71059867
71059868
71059869
71059870
71059871
71059872
71059873
71059874
71059875
71059876
71059877
71059878
71059879
71059880
71059881
71059882
71059883
71059884
71059885
71059886
71059887
71059888
71059889
71059890
71059891
71059892
71059893
71059894
71059895
71059896
71059897
71059898
71059899
71059900
71059901
71059902
71059903
71059904
71059905
71059906
71059907
71059908
71059909
71059910
71059911
71059912
71059913
71059914
71059915
71059916
71059917
71059918
71059919
71059920
71059921
71059922
71059923
71059924
71059925
71059926
71059927
71059928
71059929
71059930
71059931
71059932
71059933
71059934
71059935
71059936
71059937
71059938
71059939
71059940
71059941
71059942
71059943
71059944
71059945
71059946
71059947
71059948
71059949
71059950
71059951
71059952
71059953
71059954
71059955
71059956
71059957
71059958
71059959
71059960
71059961
71059962
71059963
71059964
71059965
71059966
71059967
71059968
71059969
71059970
71059971
71059972
71059973
71059974
71059975
71059976
71059977
71059978
71059979
71059980
71059981
71059982
71059983
71059984
71059985
71059986
71059987
71059988
71059989
71059990
71059991
71059992
71059993
71059994
71059995
71059996
71059997
71059998
71059999
