P_ProfileID
71060000
71060001
71060002
71060003
71060004
71060005
71060006
71060007
71060008
71060009
71060010
71060011
71060012
71060013
71060014
71060015
71060016
71060017
71060018
71060019
71060020
71060021
71060022
71060023
71060024
71060025
71060026
71060027
71060028
71060029
71060030
71060031
71060032
71060033
71060034
71060035
71060036
71060037
71060038
71060039
71060040
71060041
71060042
71060043
71060044
71060045
71060046
71060047
71060048
71060049
71060050
71060051
71060052
71060053
71060054
71060055
71060056
71060057
71060058
71060059
71060060
71060061
71060062
71060063
71060064
71060065
71060066
71060067
71060068
71060069
71060070
71060071
71060072
71060073
71060074
71060075
71060076
71060077
71060078
71060079
71060080
71060081
71060082
71060083
71060084
71060085
71060086
71060087
71060088
71060089
71060090
71060091
71060092
71060093
71060094
71060095
71060096
71060097
71060098
71060099
71060100
71060101
71060102
71060103
71060104
71060105
71060106
71060107
71060108
71060109
71060110
71060111
71060112
71060113
71060114
71060115
71060116
71060117
71060118
71060119
71060120
71060121
71060122
71060123
71060124
71060125
71060126
71060127
71060128
71060129
71060130
71060131
71060132
71060133
71060134
71060135
71060136
71060137
71060138
71060139
71060140
71060141
71060142
71060143
71060144
71060145
71060146
71060147
71060148
71060149
71060150
71060151
71060152
71060153
71060154
71060155
71060156
71060157
71060158
71060159
71060160
71060161
71060162
71060163
71060164
71060165
71060166
71060167
71060168
71060169
71060170
71060171
71060172
71060173
71060174
71060175
71060176
71060177
71060178
71060179
71060180
71060181
71060182
71060183
71060184
71060185
71060186
71060187
71060188
71060189
71060190
71060191
71060192
71060193
71060194
71060195
71060196
71060197
71060198
71060199
71060200
71060201
71060202
71060203
71060204
71060205
71060206
71060207
71060208
71060209
71060210
71060211
71060212
71060213
71060214
71060215
71060216
71060217
71060218
71060219
71060220
71060221
71060222
71060223
71060224
71060225
71060226
71060227
71060228
71060229
71060230
71060231
71060232
71060233
71060234
71060235
71060236
71060237
71060238
71060239
71060240
71060241
71060242
71060243
71060244
71060245
71060246
71060247
71060248
71060249
71060250
71060251
71060252
71060253
71060254
71060255
71060256
71060257
71060258
71060259
71060260
71060261
71060262
71060263
71060264
71060265
71060266
71060267
71060268
71060269
71060270
71060271
71060272
71060273
71060274
71060275
71060276
71060277
71060278
71060279
71060280
71060281
71060282
71060283
71060284
71060285
71060286
71060287
71060288
71060289
71060290
71060291
71060292
71060293
71060294
71060295
71060296
71060297
71060298
71060299
71060300
71060301
71060302
71060303
71060304
71060305
71060306
71060307
71060308
71060309
71060310
71060311
71060312
71060313
71060314
71060315
71060316
71060317
71060318
71060319
71060320
71060321
71060322
71060323
71060324
71060325
71060326
71060327
71060328
71060329
71060330
71060331
71060332
71060333
71060334
71060335
71060336
71060337
71060338
71060339
71060340
71060341
71060342
71060343
71060344
71060345
71060346
71060347
71060348
71060349
71060350
71060351
71060352
71060353
71060354
71060355
71060356
71060357
71060358
71060359
71060360
71060361
71060362
71060363
71060364
71060365
71060366
71060367
71060368
71060369
71060370
71060371
71060372
71060373
71060374
71060375
71060376
71060377
71060378
71060379
71060380
71060381
71060382
71060383
71060384
71060385
71060386
71060387
71060388
71060389
71060390
71060391
71060392
71060393
71060394
71060395
71060396
71060397
71060398
71060399
71060400
71060401
71060402
71060403
71060404
71060405
71060406
71060407
71060408
71060409
71060410
71060411
71060412
71060413
71060414
71060415
71060416
71060417
71060418
71060419
71060420
71060421
71060422
71060423
71060424
71060425
71060426
71060427
71060428
71060429
71060430
71060431
71060432
71060433
71060434
71060435
71060436
71060437
71060438
71060439
71060440
71060441
71060442
71060443
71060444
71060445
71060446
71060447
71060448
71060449
71060450
71060451
71060452
71060453
71060454
71060455
71060456
71060457
71060458
71060459
71060460
71060461
71060462
71060463
71060464
71060465
71060466
71060467
71060468
71060469
71060470
71060471
71060472
71060473
71060474
71060475
71060476
71060477
71060478
71060479
71060480
71060481
71060482
71060483
71060484
71060485
71060486
71060487
71060488
71060489
71060490
71060491
71060492
71060493
71060494
71060495
71060496
71060497
71060498
71060499
71060500
71060501
71060502
71060503
71060504
71060505
71060506
71060507
71060508
71060509
71060510
71060511
71060512
71060513
71060514
71060515
71060516
71060517
71060518
71060519
71060520
71060521
71060522
71060523
71060524
71060525
71060526
71060527
71060528
71060529
71060530
71060531
71060532
71060533
71060534
71060535
71060536
71060537
71060538
71060539
71060540
71060541
71060542
71060543
71060544
71060545
71060546
71060547
71060548
71060549
71060550
71060551
71060552
71060553
71060554
71060555
71060556
71060557
71060558
71060559
71060560
71060561
71060562
71060563
71060564
71060565
71060566
71060567
71060568
71060569
71060570
71060571
71060572
71060573
71060574
71060575
71060576
71060577
71060578
71060579
71060580
71060581
71060582
71060583
71060584
71060585
71060586
71060587
71060588
71060589
71060590
71060591
71060592
71060593
71060594
71060595
71060596
71060597
71060598
71060599
71060600
71060601
71060602
71060603
71060604
71060605
71060606
71060607
71060608
71060609
71060610
71060611
71060612
71060613
71060614
71060615
71060616
71060617
71060618
71060619
71060620
71060621
71060622
71060623
71060624
71060625
71060626
71060627
71060628
71060629
71060630
71060631
71060632
71060633
71060634
71060635
71060636
71060637
71060638
71060639
71060640
71060641
71060642
71060643
71060644
71060645
71060646
71060647
71060648
71060649
71060650
71060651
71060652
71060653
71060654
71060655
71060656
71060657
71060658
71060659
71060660
71060661
71060662
71060663
71060664
71060665
71060666
71060667
71060668
71060669
71060670
71060671
71060672
71060673
71060674
71060675
71060676
71060677
71060678
71060679
71060680
71060681
71060682
71060683
71060684
71060685
71060686
71060687
71060688
71060689
71060690
71060691
71060692
71060693
71060694
71060695
71060696
71060697
71060698
71060699
71060700
71060701
71060702
71060703
71060704
71060705
71060706
71060707
71060708
71060709
71060710
71060711
71060712
71060713
71060714
71060715
71060716
71060717
71060718
71060719
71060720
71060721
71060722
71060723
71060724
71060725
71060726
71060727
71060728
71060729
71060730
71060731
71060732
71060733
71060734
71060735
71060736
71060737
71060738
71060739
71060740
71060741
71060742
71060743
71060744
71060745
71060746
71060747
71060748
71060749
71060750
71060751
71060752
71060753
71060754
71060755
71060756
71060757
71060758
71060759
71060760
71060761
71060762
71060763
71060764
71060765
71060766
71060767
71060768
71060769
71060770
71060771
71060772
71060773
71060774
71060775
71060776
71060777
71060778
71060779
71060780
71060781
71060782
71060783
71060784
71060785
71060786
71060787
71060788
71060789
71060790
71060791
71060792
71060793
71060794
71060795
71060796
71060797
71060798
71060799
71060800
71060801
71060802
71060803
71060804
71060805
71060806
71060807
71060808
71060809
71060810
71060811
71060812
71060813
71060814
71060815
71060816
71060817
71060818
71060819
71060820
71060821
71060822
71060823
71060824
71060825
71060826
71060827
71060828
71060829
71060830
71060831
71060832
71060833
71060834
71060835
71060836
71060837
71060838
71060839
71060840
71060841
71060842
71060843
71060844
71060845
71060846
71060847
71060848
71060849
71060850
71060851
71060852
71060853
71060854
71060855
71060856
71060857
71060858
71060859
71060860
71060861
71060862
71060863
71060864
71060865
71060866
71060867
71060868
71060869
71060870
71060871
71060872
71060873
71060874
71060875
71060876
71060877
71060878
71060879
71060880
71060881
71060882
71060883
71060884
71060885
71060886
71060887
71060888
71060889
71060890
71060891
71060892
71060893
71060894
71060895
71060896
71060897
71060898
71060899
71060900
71060901
71060902
71060903
71060904
71060905
71060906
71060907
71060908
71060909
71060910
71060911
71060912
71060913
71060914
71060915
71060916
71060917
71060918
71060919
71060920
71060921
71060922
71060923
71060924
71060925
71060926
71060927
71060928
71060929
71060930
71060931
71060932
71060933
71060934
71060935
71060936
71060937
71060938
71060939
71060940
71060941
71060942
71060943
71060944
71060945
71060946
71060947
71060948
71060949
71060950
71060951
71060952
71060953
71060954
71060955
71060956
71060957
71060958
71060959
71060960
71060961
71060962
71060963
71060964
71060965
71060966
71060967
71060968
71060969
71060970
71060971
71060972
71060973
71060974
71060975
71060976
71060977
71060978
71060979
71060980
71060981
71060982
71060983
71060984
71060985
71060986
71060987
71060988
71060989
71060990
71060991
71060992
71060993
71060994
71060995
71060996
71060997
71060998
71060999
71061000
71061001
71061002
71061003
71061004
71061005
71061006
71061007
71061008
71061009
71061010
71061011
71061012
71061013
71061014
71061015
71061016
71061017
71061018
71061019
71061020
71061021
71061022
71061023
71061024
71061025
71061026
71061027
71061028
71061029
71061030
71061031
71061032
71061033
71061034
71061035
71061036
71061037
71061038
71061039
71061040
71061041
71061042
71061043
71061044
71061045
71061046
71061047
71061048
71061049
71061050
71061051
71061052
71061053
71061054
71061055
71061056
71061057
71061058
71061059
71061060
71061061
71061062
71061063
71061064
71061065
71061066
71061067
71061068
71061069
71061070
71061071
71061072
71061073
71061074
71061075
71061076
71061077
71061078
71061079
71061080
71061081
71061082
71061083
71061084
71061085
71061086
71061087
71061088
71061089
71061090
71061091
71061092
71061093
71061094
71061095
71061096
71061097
71061098
71061099
71061100
71061101
71061102
71061103
71061104
71061105
71061106
71061107
71061108
71061109
71061110
71061111
71061112
71061113
71061114
71061115
71061116
71061117
71061118
71061119
71061120
71061121
71061122
71061123
71061124
71061125
71061126
71061127
71061128
71061129
71061130
71061131
71061132
71061133
71061134
71061135
71061136
71061137
71061138
71061139
71061140
71061141
71061142
71061143
71061144
71061145
71061146
71061147
71061148
71061149
71061150
71061151
71061152
71061153
71061154
71061155
71061156
71061157
71061158
71061159
71061160
71061161
71061162
71061163
71061164
71061165
71061166
71061167
71061168
71061169
71061170
71061171
71061172
71061173
71061174
71061175
71061176
71061177
71061178
71061179
71061180
71061181
71061182
71061183
71061184
71061185
71061186
71061187
71061188
71061189
71061190
71061191
71061192
71061193
71061194
71061195
71061196
71061197
71061198
71061199
71061200
71061201
71061202
71061203
71061204
71061205
71061206
71061207
71061208
71061209
71061210
71061211
71061212
71061213
71061214
71061215
71061216
71061217
71061218
71061219
71061220
71061221
71061222
71061223
71061224
71061225
71061226
71061227
71061228
71061229
71061230
71061231
71061232
71061233
71061234
71061235
71061236
71061237
71061238
71061239
71061240
71061241
71061242
71061243
71061244
71061245
71061246
71061247
71061248
71061249
71061250
71061251
71061252
71061253
71061254
71061255
71061256
71061257
71061258
71061259
71061260
71061261
71061262
71061263
71061264
71061265
71061266
71061267
71061268
71061269
71061270
71061271
71061272
71061273
71061274
71061275
71061276
71061277
71061278
71061279
71061280
71061281
71061282
71061283
71061284
71061285
71061286
71061287
71061288
71061289
71061290
71061291
71061292
71061293
71061294
71061295
71061296
71061297
71061298
71061299
71061300
71061301
71061302
71061303
71061304
71061305
71061306
71061307
71061308
71061309
71061310
71061311
71061312
71061313
71061314
71061315
71061316
71061317
71061318
71061319
71061320
71061321
71061322
71061323
71061324
71061325
71061326
71061327
71061328
71061329
71061330
71061331
71061332
71061333
71061334
71061335
71061336
71061337
71061338
71061339
71061340
71061341
71061342
71061343
71061344
71061345
71061346
71061347
71061348
71061349
71061350
71061351
71061352
71061353
71061354
71061355
71061356
71061357
71061358
71061359
71061360
71061361
71061362
71061363
71061364
71061365
71061366
71061367
71061368
71061369
71061370
71061371
71061372
71061373
71061374
71061375
71061376
71061377
71061378
71061379
71061380
71061381
71061382
71061383
71061384
71061385
71061386
71061387
71061388
71061389
71061390
71061391
71061392
71061393
71061394
71061395
71061396
71061397
71061398
71061399
71061400
71061401
71061402
71061403
71061404
71061405
71061406
71061407
71061408
71061409
71061410
71061411
71061412
71061413
71061414
71061415
71061416
71061417
71061418
71061419
71061420
71061421
71061422
71061423
71061424
71061425
71061426
71061427
71061428
71061429
71061430
71061431
71061432
71061433
71061434
71061435
71061436
71061437
71061438
71061439
71061440
71061441
71061442
71061443
71061444
71061445
71061446
71061447
71061448
71061449
71061450
71061451
71061452
71061453
71061454
71061455
71061456
71061457
71061458
71061459
71061460
71061461
71061462
71061463
71061464
71061465
71061466
71061467
71061468
71061469
71061470
71061471
71061472
71061473
71061474
71061475
71061476
71061477
71061478
71061479
71061480
71061481
71061482
71061483
71061484
71061485
71061486
71061487
71061488
71061489
71061490
71061491
71061492
71061493
71061494
71061495
71061496
71061497
71061498
71061499
71061500
71061501
71061502
71061503
71061504
71061505
71061506
71061507
71061508
71061509
71061510
71061511
71061512
71061513
71061514
71061515
71061516
71061517
71061518
71061519
71061520
71061521
71061522
71061523
71061524
71061525
71061526
71061527
71061528
71061529
71061530
71061531
71061532
71061533
71061534
71061535
71061536
71061537
71061538
71061539
71061540
71061541
71061542
71061543
71061544
71061545
71061546
71061547
71061548
71061549
71061550
71061551
71061552
71061553
71061554
71061555
71061556
71061557
71061558
71061559
71061560
71061561
71061562
71061563
71061564
71061565
71061566
71061567
71061568
71061569
71061570
71061571
71061572
71061573
71061574
71061575
71061576
71061577
71061578
71061579
71061580
71061581
71061582
71061583
71061584
71061585
71061586
71061587
71061588
71061589
71061590
71061591
71061592
71061593
71061594
71061595
71061596
71061597
71061598
71061599
71061600
71061601
71061602
71061603
71061604
71061605
71061606
71061607
71061608
71061609
71061610
71061611
71061612
71061613
71061614
71061615
71061616
71061617
71061618
71061619
71061620
71061621
71061622
71061623
71061624
71061625
71061626
71061627
71061628
71061629
71061630
71061631
71061632
71061633
71061634
71061635
71061636
71061637
71061638
71061639
71061640
71061641
71061642
71061643
71061644
71061645
71061646
71061647
71061648
71061649
71061650
71061651
71061652
71061653
71061654
71061655
71061656
71061657
71061658
71061659
71061660
71061661
71061662
71061663
71061664
71061665
71061666
71061667
71061668
71061669
71061670
71061671
71061672
71061673
71061674
71061675
71061676
71061677
71061678
71061679
71061680
71061681
71061682
71061683
71061684
71061685
71061686
71061687
71061688
71061689
71061690
71061691
71061692
71061693
71061694
71061695
71061696
71061697
71061698
71061699
71061700
71061701
71061702
71061703
71061704
71061705
71061706
71061707
71061708
71061709
71061710
71061711
71061712
71061713
71061714
71061715
71061716
71061717
71061718
71061719
71061720
71061721
71061722
71061723
71061724
71061725
71061726
71061727
71061728
71061729
71061730
71061731
71061732
71061733
71061734
71061735
71061736
71061737
71061738
71061739
71061740
71061741
71061742
71061743
71061744
71061745
71061746
71061747
71061748
71061749
71061750
71061751
71061752
71061753
71061754
71061755
71061756
71061757
71061758
71061759
71061760
71061761
71061762
71061763
71061764
71061765
71061766
71061767
71061768
71061769
71061770
71061771
71061772
71061773
71061774
71061775
71061776
71061777
71061778
71061779
71061780
71061781
71061782
71061783
71061784
71061785
71061786
71061787
71061788
71061789
71061790
71061791
71061792
71061793
71061794
71061795
71061796
71061797
71061798
71061799
71061800
71061801
71061802
71061803
71061804
71061805
71061806
71061807
71061808
71061809
71061810
71061811
71061812
71061813
71061814
71061815
71061816
71061817
71061818
71061819
71061820
71061821
71061822
71061823
71061824
71061825
71061826
71061827
71061828
71061829
71061830
71061831
71061832
71061833
71061834
71061835
71061836
71061837
71061838
71061839
71061840
71061841
71061842
71061843
71061844
71061845
71061846
71061847
71061848
71061849
71061850
71061851
71061852
71061853
71061854
71061855
71061856
71061857
71061858
71061859
71061860
71061861
71061862
71061863
71061864
71061865
71061866
71061867
71061868
71061869
71061870
71061871
71061872
71061873
71061874
71061875
71061876
71061877
71061878
71061879
71061880
71061881
71061882
71061883
71061884
71061885
71061886
71061887
71061888
71061889
71061890
71061891
71061892
71061893
71061894
71061895
71061896
71061897
71061898
71061899
71061900
71061901
71061902
71061903
71061904
71061905
71061906
71061907
71061908
71061909
71061910
71061911
71061912
71061913
71061914
71061915
71061916
71061917
71061918
71061919
71061920
71061921
71061922
71061923
71061924
71061925
71061926
71061927
71061928
71061929
71061930
71061931
71061932
71061933
71061934
71061935
71061936
71061937
71061938
71061939
71061940
71061941
71061942
71061943
71061944
71061945
71061946
71061947
71061948
71061949
71061950
71061951
71061952
71061953
71061954
71061955
71061956
71061957
71061958
71061959
71061960
71061961
71061962
71061963
71061964
71061965
71061966
71061967
71061968
71061969
71061970
71061971
71061972
71061973
71061974
71061975
71061976
71061977
71061978
71061979
71061980
71061981
71061982
71061983
71061984
71061985
71061986
71061987
71061988
71061989
71061990
71061991
71061992
71061993
71061994
71061995
71061996
71061997
71061998
71061999
11314273
40145548
11714645
11139826
1079832
11487331
564954
405905
439899
267835
11624327
11634081
11475930
281616
281616
336234
220464
11190835
143854
40104471
40144922
11193902
35286
77558
737304
115717
11884258
439989
455489
542319
927739
11267045
585184
1122904
565715
998263
960580
11259259
40131447
11851424
632385
14358
169512
440361
11540299
11857590
526595
59787
306459
297416
43872
40126046
38151
837867
263527
11841902
11021615
11192371
539592
11653354
561387
1100288
11195796
958677
1022998
30509
481480
11283070
770183
83738
127180
417275
11918020
11533142
381623
11434396
940632
11853280
980116
11474427
11340536
11378822
11895661
11442134
952567
11300688
626288
623934
11792860
11674886
1138323
40118910
11725682
40173324
183743
138185
11468085
40032495
564245
525112
899663
11265681
40142219
40043774
835509
11922964
912515
550332
1030711
1059191
11479637
40138720
767001
1056123
40181328
526743
11549505
11336176
40143143
11616223
40035352
40123830
40002493
11316490
11660597
318889
11082106
11181064
184014
40147669
980804
992355
40163296
11154430
11782363
11790250
544917
400671
1124695
11401262
157686
1006050
40143440
525127
664543
40100887
621664
601333
538772
974657
443655
11672242
11319921
878803
11520166
11277454
11288858
1146740
1131239
12504
11181553
11248239
40022063
11059921
181011
560974
554349
881674
11211560
526435
11740938
1139687
579611
648421
648421
11861190
40147919
540647
652070
40016967
1109888
11329800
11235032
1133244
40059231
11637272
1030670
40201272
11859489
11200504
349748
406521
40025115
11403175
342089
261432
54514
40040106
11314285
11148492
11305443
517390
1106248
11898979
18107671
11656640
18108560
458450
11047822
403170
95307
376971
428661
11220970
1044826
1020146
1051694
11380375
11164765
40049615
11633560
40122392
981962
11401851
11566128
1066352
907051
828248
301644
1228422
40204284
11056505
182494
324755
40154645
11811545
11752519
11688417
500891
539348
11671922
11586054
783223
11203674
272163
890966
922659
11187193
125048
222744
11691919
968441
40224220
11229493
11169156
206769
11138146
11665308
11564441
205112
189427
11509544
981760
11930832
1022360
11496927
11124241
11802143
11377377
39996235
11784357
11195627
18107328
849909
40187919
491895
619317
1065126
11047248
11749933
11598753
970097
11075821
11354760
11047116
670398
11620894
11727925
193043
114816
271786
307538
11448248
440280
11774736
279682
337467
724609
282528
343472
11293470
992987
778707
11536353
11051207
1144459
178847
178847
40171673
11831951
11757843
11853468
1098100
11255844
11349924
11396876
97814
11723417
40209022
412482
512980
396977
444684
252851
336097
11703915
976618
582074
793909
649244
11776689
40175306
40077177
472924
419040
445582
228713
11770211
347760
581780
11054199
183857
40180496
84343
40176892
975684
11754967
11185555
11186364
537407
533232
585161
11675765
40152333
40195759
40188831
11242869
11397741
510503
11093648
40020692
306444
11784764
11633227
244212
178335
11727786
11422946
1164684
40252610
11748454
1000341
11799159
11515272
550116
11872901
11624155
658179
11516317
11112767
11188716
550906
11259303
11083959
640741
11678228
503168
40183613
162582
11142876
11654179
11677280
718932
384231
448289
89052
11166861
825647
40220502
11805217
11641004
1011278
40045107
521385
40058765
11699746
1009174
18102569
947959
11808332
958104
11242963
11052250
40122179
207833
495288
171841
244394
11488320
40090583
11247719
11157198
840272
11636345
40255436
1137997
134554
11399088
1116820
40098086
280546
985778
11389271
40223933
40202173
11372112
40193723
1139729
11194487
11461471
224736
142963
456361
219060
11235061
388891
325283
293549
39951157
82493
101705
11759711
11114639
940826
522439
40237079
11420647
40206546
11576203
27809
11184877
669857
11595985
11653813
40234810
522541
1115747
1054136
11727513
1038324
11199024
11228939
1109915
1037906
980138
11669090
478673
11175462
948639
11616790
11124400
415971
11250519
52038
11887268
11752631
880717
11751453
933212
11320732
11269821
40214906
514779
827694
11165099
46316
204467
11718464
40214295
11626980
11560245

