P_MemberID
6966242
3596346
3663005
4397885
40328647
5597997
5818534
5971424
5971432
40119080
6086264
6119537
6160523
40357897
40319993
7052472
6474403
10882068
6506469
10889253
6578302
40385822
40360112
4780262
6922781
40395662
39961292
39967078
39998626
40025184
40048890
40101595
40107406
6205278
40287867
40327292
40333911
40336887
40337993
40383811
40387252
40387696
40387785
40389448
40395033
40412335
40415548
40424751
40430703
40434025
40263057
61181487
7051441
88047656
4507640
4952762
88443343
39965246
5942649
5961649
88591190
61117721
40309266
61121764
6947457
4603936
61183814
1048876
40357817
40412393
40425463
40367409
5197236
40412843
40357895
6610576
40357986
40183800
6606632
6712398
40384103
6908335
61174219
40387924
6619205
40360538
40360533
6187310
7041608
40074262
5908962
4959064
6627497
6199471
40341259
40357575
6823609
88028839
40301552
40335278
88026452
40165137
40401383
40108129
5754853
40331374
40360111
40275653
10949933
7035121
40371291
5064998
40470831
40372917
4087197
2412643
2427963
2614404
2580282
40331308
2652396
2673392
40420176
2754903
2755017
2781666
2883751
6898999
40032152
3413914
40468166
3569293
3621631
3621870
3706671
3743757
3937557
61103549
4672998
40028451
6707943
5398867
4760918
4325381
4454603
4475848
4507558
4536995
4631721
40402869
4955229
40371934
5198531
3503938
5335901
88840522
5939702
5831131
6389346
6079814
6079897
6183251
61176479
6293498
6351056
10854679
6381202
6510107
40376814
6606723
40419223
40417915
11007302
6931717
7054502
5705210
10890111
3607929
6443564
6261024
39972084
10928341
6452359
3830976
61116004
61104380
5722819
40373624
61122960
40038423
40062869
40142569
40351236
40301999
40307962
40309810
40324775
40353419
40383288
40392096
40448318
3934307
40259397
2729152
87956089
88035644
40037640
89086133
88066177
4616136
7055293
88079386
88079527
88079683
88086860
5045427
88181802
88471815
40404506
88441065
6534677
88472417
5374777
5374769
5374751
61191882
89095589
88575532
88723694
88961435
61168542
88694481
5860452
3489609
88960916
10975052
40384946
88938920
10898973
6323477
40466591
10766568
10841429
40422360
89168485
6195644
61141085
61153619
6190835
6484873
10962597
61122762
61123752
61134536
5271205
61153502
3854216
6582031
61172015
61175448
61180281
5205591
5205583
61184234
5205567
61189332
40364473
61192435
61177386
40409911
3504548
5225490
10827295
10879197
40087973
2303891
40299135
40423446
40383140
5362459
6156190
6083642
40341694
88591224
4340901
4682021
40120099
40155741
40283289
4426262
10855643
4685131
40373718
4945279
3884650
6106914
6171777
61141473
88510646
61185660
61185678
7035147
5249086
40345984
40374872
6878041
3814244
3309757
6842567
6594549
40482774
1053082
40399014
7125807
5218693
5633560
10877555
5770321
6915827
88459521
40317735
2325449
2352369
2411116
2890657
4022657
40798800
40798799
4718346
4845081
40801191
6044982
6065490
4881748
10824045
10924035
6462069
40789210
6775817
11005991
6832469
4063925
10815688
6114207
40800815
40790218
39968866
40127645
40138626
40143669
6900969
40160122
40160843
40216498
40218344
40264407
40299225
40303788
40313874
40354784
40768264
40392124
40396690
40784698
40413115
40428633
40430352
40791514
40448063
40493010
40650465
40662195
40780188
40783361
40784656
40784710
40785090
40785843
40791890
40793054
40793621
40796801
40797818
40800044
40800502
40801281
40801821
40801920
40803527
4828061
88038564
6878322
40782523
6321984
10846543
40793966
6241158
40785618
10844084
61117630
61161620
61165068
40263076
10987016
3039297
61190140
1061309
10912386
40799522
40799521
40798413
40800034
40506021
40797614
88277949
40781445
40793850
40678498
40797233
40658515
40089503
40566099
3676148
40210228
3836015
6594564
61144972
2269332
40021235
40610014
4506311
61145532
6215368
40624478
88689580
40395234
40793845
2467001
40712309
40703538
40369991
40784258
40797769
2966762
5918805
40655875
5871053
40324431
2945360
3010116
3392191
10812545
3566190
40204968
3599399
3699975
3753541
40387379
3978890
40795048
4076331
40341984
5090779
4297143
4349191
5471425
4519132
6323089
4774000
4935080
4984013
40296875
5697243
6926667
40798614
40798605
40129194
5138545
5138537
6214536
6389239
6733634
88018582
10817528
4864132
40308755
40221028
10839274
88893083
10917161
10852145
40781752
40802119
6510065
10900670
10912907
40793038
3694448
6812156
6904151
6993444
7005256
7125849
10871541
2601120
40508573
40801396
3480137
40498186
40418556
10961318
11031211
2330258
10838862
6918185
40792642
40653226
10820084
40396879
40038339
40061979
40074031
40239705
40099305
40105356
40804057
40206584
40206725
40390936
40212439
40212812
40796754
40220910
40659485
40291455
40364035
40381902
40383096
40787426
40450891
40455678
40494266
40495063
40782178
40790208
40794298
40798809
40803733
40205170
3369934
88683765
40632522
3042663
40388469
40293668
5709170
40331866
40331902
88636870
88280828
88285496
61191684
10743724
40203660
61175976
5773028
10750380
4881490
61169284
6290510
4866954
88653727
4724872
4054098
10889642
10837252
88966806
88804379
40784699
40784976
61152769
88878100
3823401
89000431
40662184
6975086
40240888
61108365
10937979
2348854
40335054
40471040
4785659
61145441
61163501
40793918
5553537
5740837
3675447
5810465
5273888
40661538
89001421
40802197
40563562
2262428
40785924
40622096
40792631
40338232
40644733
89158668
61161943
5796177
40782620
40782556
40393890
40508603
40262506
6347153
40264590
61102558
1037424
40485191
6253617
6539916
6875906
7059964
40338502
39959063
40330140
2342352
7075523
10862029
40319456
4392282
6926964
4943837
4985689
5033191
40430376
6001784
6010868
40570076
40724373
40026125
6613273
10987701
40735617
6932350
40341519
40050617
7015230
40492940
40371162
40047287
40120038
40288011
40170006
40219018
40252862
40353586
40409715
40434365
40434555
40454815
40495915
40500562
40521420
40523906
40532179
40621247
40539022
40539038
40542609
40544754
40555268
40638664
40642866
40646487
40647274
40660476
40672785
40689878
40714224
40724027
40741852
40742728
40749742
10841783
88041733
88082083
40077663
5528968
88373672
88382277
5961623
5991125
88603581
89031477
40426394
61165746
88788267
40477675
40321917
40422292
61134908
61163071
61171058
40505230
6298869
40531004
6798751
40548456
88600942
40409271
40506010
6529727
40723408
40028674
3940734
40628085
40515327
2430942
61142489
40540357
40706823
40612394
40614901
40013244
40116527
40663076
2412759
3038554
40538784
40539792
40539793
40539799
40362569
40032622
40654197
40257349
40409693
3455238
4639575
40364505
10901546
61107664
3650390
4986463
6830588
40470394
40273267
89046517
40632333
88020679
61142406
40473793
10820522
10851378
3987099
6476085
40119443
61151605
40357500
40244740
40498137
40704697
61143339
89159971
4897587
4812008
40507210
40480908
2437962
3583567
40590684
40321090
88021966
3510784
3547430
3547471
3596478
40750698
3682427
3853705
3959387
4005231
4040899
40380989
4397323
4615211
4615229
4649293
4792168
5266619
40256341
5277905
40664416
5751891
40378881
5850263
10835587
6314401
40538314
10817403
10823559
40458381
10986976
10883314
1008300
40600508
2297994
40705300
7075127
40055156
6785535
6879494
7060921
40138219
40741932
40724296
2271544
6913269
5570812
10913640
10815795
10976308
2298026
61119867
7076356
40604105
40199438
2303503
10841452
61101717
40390278
40180635
40232260
40244020
40670409
40282927
40742843
40618270
40352991
40369031
40389821
40739447
40394503
40409459
40413957
40420097
40440746
40490930
40591420
40600483
40622520
40666953
40690604
40742472
5249995
40340147
61156950
10815373
88933566
10879619
88023624
88115172
40373442
10913533
88032252
89170408
40357511
5399816
88070005
4919050
2423632
88092769
88104192
88114704
88118978
10790345
40722033
40333485
40463047
40352153
10817866
88433187
5249771
61117010
40613292
89107830
88465502
61122085
40726187
88644692
61100941
61141465
40258656
40666811
10954784
88945578
3814269
89082090
40428418
2288571
88722217
2309971
40391784
3648154
89111642
10850529
40729251
88742975
61155234
4429894
40703377
40570161
10956375
88966558
40493402
40335656
61114066
61129072
61131789
3588186
61165894
61168864
10905943
61189100
11031377
87993348
40334530
40437715
40374451
40709002
40709109
40709007
4997643
40496830
40475659
40653973
40515259
40331816
40610389
5714063
40667557
40671132
88301947
40604276
88911265
40745786
3930420
3816025
10950899
40532318
40740579
10929281
5292078
40240446
40643342
88076333
61189043
6019562
4413591
40739150
40705812
40440183
40498194
10859173
61116962
40686222
40348015
40708195
5249961
40707796
6080572
40034996
88082893
40706482
88990046
40486111
61176693
89124454
89126178
40669214
40201014
40199371
40689035
87985195
88099061
5313569
6627059
88030140
10817932
40485400
40169434
4921874
2502484
7111146
40855636
40815888
40829923
40831138
40857704
40814069
2264887
40858551
10892752
40850992
40351292
40388819
40487540
40856874
40656118
40804449
40806819
40812376
40823273
40391039
40825255
3837260
40705834
40860686
40841973
40856873
40856224
40856312
40846566
40808637
40846918
40447557
40828369
40858621
40613768
2471235
40854559
40359918
40861328
40638554
4032821
4971499
40856246
40854921
40369164
40819870
6364455
6212266
6288704
6549121
2398800
10862748
40856328
40825520
40825515
40805138
40488186
40812927
40839851
40352962
40258425
40857441
40840735
40642799
40680216
40810363
40812255
40853374
40858289
40860086
3689414
89009705
3099226
4945048
10751990
40096610
88631616
3590737
88875973
89044504
88837791
40805877
40330460
40330467
40855455
61187864
40806224
5062240
40841986
40484727
40859566
40856253
40856334
40856664
40856769
40857835
40858137
40858251
40858829
40859647
40826042
40840220
40856492
3633115
40848675
40841987
40786425
40724387
40860859
88134231
88915639
40845649
40854441
88191231
40823233
40854691
40839443
40844346
40840824
40840503
40845171
40845145
40854435
40810982
40496755
40856891
40859611
40551316
88008732
10956680
4630756
40866567
40861231
40821660
40821338
5575043
5831065
40865695
40088372
40224382
40865112
10823682
10825463
88333312
40864949
40864952
6894915
40026660
40866500
40207055
40335014
40336087
40342974
40390931
40460567
40818477
40507081
40693539
40763596
40763943
40864939
40792172
40792985
40798346
40817507
40818150
40818472
40818617
40819290
40821519
40822251
89095084
5363721
10767624
61170720
61171793
40562822
40867712
40866064
40821671
87811581
5595249
88678724
40828618
40865242
40105959
40526873
40827946
4837161
40865084
40368698
5949925
40347558
4497727
40235828
2952507
40863757
7003541
3565754
40868655
5284364
3692400
40823566
5847889
40817627
5229518
3520650
6155291
5898262
6153619
5138578
40819375
40255892
10865410
40220115
40796299
10961334
10986349
40796487
40329724
40258015
40268585
40330977
40763546
40817497
40818463
6974667
2585810
6610428
88018707
1027425
88057119
10810663
88062549
2251553
40543390
40456076
40823521
40767663
40652581
10842799
40444586
88994964
88923088
3613521
88923104
40258528
40154320
2285858
61103739
40866207
6366542
3047159
40692186
40349094
40796844
5705780
40864785
40865240
40866050
40866536
40867758
40867754
40867892
40868614
40818632
40584889
40864725
40093699
2804823
4086330
10421750
10291476
10014126
10462390
10491050
3067256
10507558
10473132
10522011
10491753
10533125
10640045
10635029
5135756
10419366
10682914
10520478
10711465
10627265
10674283
4420307
10619247
10652883
10652891
10743526
10754549
10777250
10778795
10798512
10854927
10764506
3862193
5067165
3698241
10818062
10923698
3515759
10942045
10972901
10821868
10867226
10864694
10924597
3498501
3837906
3661496
3767566
3137257
3915348
4007450
4013193
4018812
4263145
4487520
4776385
4856286
5140988
5532705
5602557
6081406
6358655
10242123
10242156
4208553
10547745
10756841
4315705
4427278
3237115
3191676
4139485
4149617
10755975
23297184
3196600
4223016
3273078
80346296
5879494
80308650
3870378
4348656
88332413
10388678
88980468
6052753
10674168
15486522
5183962
3875369
3380642
10052043
10075572
10075580
3361881
10064147
10056689
10347443
10306316
10347997
10360958
10336511
10349282
10384131
10374769
10222158
10087767
10133348
5944389
10213561
10180869
10197731
10429001
10100867
3639971
3001768
10606368
10551648
10633958
3015693
10973339
10295683
10137604
5303263
4558866
4547232
5234765
10182212
5195552
10507368
4226613
10561050
3899344
4558858
4289793
4459446
10874941
3663666
4290007
10200097
4243147
4588079
10265439
10113399
10151654
10246389
10492439
10524934
10524942
10561266
10675033
3908574
5080549
10867432
5430876
10909317
3032581
5256586
3475590
5200618
5532739
3111336
3415653
6249797
10520882
10945600
3524710
10184010
3683755
6189415
10345751
4565234
10124214
4629352
4629436
22206045
10575068
10264945
10778332
4697458
10067066
3872614
3279000
10977231
4214270
5130286
10976894
2929430
3898320
10433193
10624080
3939595
6149187
10011007
10197848
10219428
10199612
10674135
10372532
10372540
23118729
88981920
3671917
10320952
10465534
89077678
10634204
4128272
4255349
10445494
3085472
10449405
6088021
10552182
10533646
10699777
10696906
10707398
10612515
10616201
10705640
5686204
10609131
10621797
10624908
3858233
10785204
10636688
10572925
10572941
10545574
10338350
10614107
10761072
10764498
3070763
10870733
10898205
10929190
10770891
10771006
10929224
10136176
10936732
3067249
5195404
4069328
4858647
3451971
3469569
3660464
6387209
3938084
5029165
6052167
10756098
11049932
11049940
4459222
11113795
5616789
5683201
5995597
6078865
10703017
10689612
10719773
10638973
2997247
5567933
3186312
3101634
3405456
3405662
3792507
4306662
3114603
5897520
3962423
4932582
4459453
3990481
3099002
3603274
62108662
4281899
5934331
10098749
87713746
3756056
87199144
10202853
5471805
10401836
4804039
4804070
10757690
3009878
4798660
10462283
2625210
2766204
4576496
4261529
10942078
10309401
10293431
3434944
2675280
10530303
10003855
10059535
3876862
10076455
10091975
10133876
6043513
5292961
10291310
10291328
10342667
10259309
10238675
10278184
10308411
10316364
10292912
10010272
10309666
11066084
10384297
10314435
10021972
10221697
10229740
10227850
10227876
10153478
3091298
3069211
34296061
3870832
3987842
10377424
3981340
4679126
4348201
10102830
3343798
3411686
10415414
4232157
3088856
4432005
4962530
3930909
6124289
10196766
3557439
5500710
3005801
4992909
3150706
4669416
4669424
10440818
4994889
88654816
10243444
10771311
10770404
4356774
10025148
10328062
10378364
10374231
10759076
10198622
10661751
10713156
5030692
3995332
3543884
4374355
10189274
10585463
40404503
3235457
10688879
10680355
10129668
10528133
10008516
10008524
10135244
10161463
10309294
3842518
5211771
3735043
4817478
5932178
10249631
3973446
10473454
10473462
40792986
40792984
40864957
40829932
40822046
40624522
40819455
88031882
40819457
2387589
10814400
40817633
40867834
40864937
40856212
40864747
40864719
40814745
40603675
40788972
40788962
40869617
88435158
40043716
5678748
2305748
88880882
40818229
5794214
40815433
40789201
24082446
10417113
87350143
40268880
40746107
40224872
10667642
10649848
40446194
10746404
6556522
10861161
3365023
5314716
3585422
3672212
40227357
40824462
40799039
6605170
40399870
4980730
5048207
5210328
5333799
40373685
5398198
5422352
10858712
5615765
40500311
5834341
5912642
5916791
6017319
40500723
40500720
6064923
6148411
6256800
10775353
6973172
6438101
6463091
6558411
6575761
40825703
40822240
6931964
40371736
34259374
6662866
40039685
10490763
10566091
23999334
24111567
40681365
4121582
3156984
40017081
39959888
39968804
39975636
40826028
40049058
40663711
40083607
40103218
40111074
40274207
40171642
40175738
40219754
40748395
40258707
40264762
40332950
40350757
40354527
40393512
40399320
40801837
40401950
40402487
40404276
40413352
40499593
40810673
40810520
40596342
40670571
40690527
40733567
40748016
40750276
40756873
40788631
40808931
40810445
40823516
40145239
23179903
40025215
80007641
80452615
80724922
88838948
87424534
2410035
10121756
87416787
10214486
6375170
10834309
6954750
88055634
88618969
89054313
89155466
89054305
5341560
5561894
49100834
1078006
1077966
68119842
10072074
10091397
10127068
10258327
6749507
10131193
4435818
6620641
5930453
10222950
40742547
40490472
40334259
40356931
40464659
40667609
40823682
40824047
40271489
6606533
40028681
40671498
22240770
40869783
5571208
5235192
40806921
40825609
40766860
40810630
2944652
40824997
40381237
40822564
40825111
10903997
40801753
40824493
87658263
40762527
6607549
40266078
40249709
40362977
40870927
40768329
10203653