P_MemberID
40271426
2491381
1019679
24156315
34259077
2264739
22151944
22152538
4957993
40819483
40819488
6629428
5445866
3254474
34172452
3192864
2533240
3192880
2864322
5005165
3165035
2768838
25185561
3320333
2136457
2189183
3193128
1226852
4170167
2189191
1155978
3217190
5795039
5335208
24156653
49149930
15163493
23155028
2351940
22152124
4170340
25155150
4191429
4191452
22152181
24156828
23214049
49162255
5798231
34259531
5229633
4048728
6239160
4191601
3193482
23214148
3859611
34170753
40131967
24157008
39993208
4906057
4170795
6940718
40151371
23214221
23155416
3193565
40636152
40689706
2964874
6708107
6708115
3448605
2631606
34259697
25155531
1156562
2136739
15163865
3165894
15165209
4191981
4192005
5123190
1156745
4192054
4906925
40321315
6326785
14132118
34246223
2189720
39945193
4192104
4192112
40547344
6636332
4722421
23155630
3193953
23155721
23155739
4192161
4891671
23157172
34171165
22154393
34171173
4192310
24157263
1156950
3166413
3166454
24157313
3166637
23215400
40480872
23215483
3011114
22152611
4171447
2524249
5153379
3458018
40048251
4192484
5967117
3167015
2189902
4781880
23215913
1157206
1157222
4171587
2830844
3167155
3167163
22152868
10137224
14132373
15449561
6109785
15164830
24195479
24157628
24201673
34171579
40702772
5153619
3955252
22152918
6560714
2323808
15449710
3194522
24157719
2141341
23762161
2137323
40013725
2362731
15165233
4192930
5786012
34171868
3194746
15165316
3167569
40706679
4586081
4217455
3290320
2710335
23156539
15165456
23156596
2705848
4444133
4808857
23156638
25156810
25156844
1157990
2190215
4223487
4172080
23267492
24203125
2115394
2115428
4193458
4193854
4270892
4622506
4194563
34172361
3157081
3157107
23156984
3157198
2578617
6898361
4193631
24159715
40479711
1158337
25196154
2505909
4222208
4193706
3343319
2468801
4138800
2190538
4237842
34242412
40504981
34977165
34230722
34172577
4193771
23157214
40837118
23157230
26133116
26459321
14188300
25157529
1157719
6214296
15409193
1158543
2115675
2115683
14132944
40300880
5154286
3168963
5154393
23181933
40652062
1533331
1158626
14132969
5531434
39946132
15409359
25157669
3169136
34231126
5154435
2190769
22209874
5542456
3157974
40426097
3158014
5745265
3482893
24158766
5924860
14188631
3664615
1158824
2498733
15409771
1158907
40153713
3158378
3158410
40750859
3158501
4194381
23158758
14188763
22153544
4675595
23347427
23157891
25157990
40211457
23157966
6565267
1195958
2191130
24159152
40075838
3932616
34231969
15410266
40471172
40668445
23159160
40175542
3557728
3170274
14133397
4194761
3297572
14133421
1159442
26460154
25158311
15410647
3313957
1196139
2906644
49151241
2191403
14133470
2216978
40760440
3786244
5168542
4055400
3170613
3285973
6058784
23220913
34173617
15410852
25158485
23158386
15167254
3159590
15167262
3275164
40742353
3170712
4140962
2116707
34004655
2116806
3906636
4141143
5165464
6087718
23221242
3159798
15177212
22153940
40857865
22153973
2191593
4141259
4141234
15185140
4195396
2139345
3024232
26460832
10896266
3464024
1159848
1197061
4195719
1159921
23158782
14189225
24159897
1159939
2117309
2112227
40402238
34174102
4195842
3039503
2917187
25159368
5155275
3283101
40028814
1197350
1160077
24172999
4258939
1197483
25159764
1160168
1415059
24160218
1160226
15168120
2497677
2191973
40084366
26461251
15168179
15168187
4142414
34174433
3160366
2218024
15168211
3172155
22154476
4196246
4196253
3789362
15412700
5159053
15412783
23159194
15412940
5173203
15148353
24160572
15168484
4904052
4142851
14136606
2204735
1198101
34174607
40607777
34175422
4196576
25160416
5155796
15168716
1198341
2118026
2118059
26196436
26461756
2470880
6648790
40394615
2724468
3172569
2728915
3160929
25186130
3464990
3769935
1160952
24160879
15168880
34234302
15168914
24005132
34174979
25160804
15168948
3172858
23159616
23204008
34234468
4197152
15169029
3161216
34175034
39956291
3172916
15169094
1229245
25160960
1186270
15413807
5515734
14134346
26535104
1033597
14134361
2860015
1198929
15130179
4197285
34175380
4386565
5768440
26166074
40742089
40754503
40779195
1161208
34227710
15414326
3173435
2192666
2192674
4143842
5059204
49152223
2192708
1161315
40095179
1161323
15414615
4143933
4010579
26462705
4143958
1161406
14134494
34236398
5532630
14134528
3207746
40137745
6075200
4197814
3577254
2118620
24191619
15414854
4275834
23170738
23170720
24161380
24161448
3626861
40352238
34175513
5156208
3602557
15723999
34175547
40667833
1161695
24161463
34175836
40418089
5370346
4405548
24161521
40812162
15169821
3892521
23160200
3024943
4198655
5187112
3246033
23160515
5156331
2118802
1161943
4144782
23160457
6936948
1161992
24206326
15415703
2285254
3162370
4685800
2118836
6463562
2374355
40300121
2193235
40741467
2193243
4202671
40362484
7120840
7120774
15415745
3035303
3174227
4144915
7069849
4198424
15213074
6363671
49153189
23160648
1162123
49153809
14135038
14191270
14191304
6763417
4198580
3516211
5637983
2193532
1215418
4198622
40357499
3162693
3162719
3163311
15416263
40841455
4145284
3678599
15416453
24162073
4198879
2670430
1200527
25162735
40357468
34176404
3174896
3174904
24162198
15170621
4199042
2119347
2119370
24162230
4047886
40206867
5981316
40038138
1200840
2192492
25162834
15170662
15416834
5525170
2193714
40766444
6253328
34176537
24162362
24018200
34176578
24162404
2638940
14135392
14191627
25164632
14203869
3236208
34231951
3723924
2193847
3177048
2193854
14135426
34176677
39977445
1162727
22155564
14157636
6761775
3518506
40488520
1162891
23161943
4199646
40477923
2194001
15171041
3354654
34176826
4273938
34176834
26152298
2535575
4199703
4146092
1201459
24162743
34236711
24162750
25163196
34176867
34236752
2475384
40098740
2194100
7117036
14556670
1201475
15329334
2194126
49152603
4200311
40026270
15418202
34209312
15418269
6471961
25163253
40526087
1201574
3176057
3163899
4238931
26464545
1201608
24162933
5340000
4791848
5475004
25163287
23161885
5157123
5157131
4200139
1201772
14143040
4200212
2781294
34207365
40095767
24163071
2194282
25163360
4200386
3164079
34177170
3164152
3164194
5792473
3164376
4296418
24163832
24163253
24180018
3455394
3338210
15171595
25163469
15171637
1202028
15171751
4147090
3789529
22156158
15171769
26464875
40174194
15171819
3442103
22156190
34237495
3165084
25176347
25192096
4200857
34177451
1163824
40451696
4200998
1202333
4147421
4205245
2120386
34237701
40688927
5157453
34237776
4147553
25163931
2919225
2164160
14135996
22222901
7118364
3177659
3177691
15419721
4201335
15172072
22151670
24030155
2120568
4201418
10881276
2590943
4201434
3507285
40532745
34238014
5157610
1163980
49149914
23162594
1229377
1164103
24163881
4201699
49152850
34177824
40777397
2120766
2120790
34229963
49152926
4280065
23162800
34238238
6252379
1164186
1202911
6458067
24164053
34198408
24033423
25164194
4145516
22156620
49152975
34177931
34238428
1203182
4202044
4992800
15420562
5176164
4148171
5467373
40150206
34179895
25164251
3178640
40040764
5345488
34226605
49153205
15194142
15420844
1168252
1164616
15200105
24164335
3085902
40762375
34178293
25164384
2500256
5158105
26465765
5158014
3072793
15172700
40197082
2195222
15421123
4202770
1040741
24194332
40710146
15175299
15172791
40276408
22156901
4485227
3294785
4148825
22156992
3150797
25164624
15173096
24173542
5158352
3644187
14136572
23163501
40261172
5055244
6122267
34178608
3435248
1165076
4203042
3168062
40371026
25164715
4204370
4203141
3146845
3179416
2121509
1165175
4203224
40751544
40464500
5612937
34178756
1165183
4203232
4203281
4203307
4203372
40408065
3282087
2824516
4203448
5491712
14136820
2683458
1788919
1165365
40802850
1165407
34179002
34239681
4203828
5186478
4022368
40124335
23163949
2195826
6575878
14193482
14137059
2121962
5158576
4205203
4255281
4600981
15173682
23164038
22119990
24044453
23164061
3186049
3180091
4204461
2435255
2402784
5269357
4149823
40423970
25105478
4534016
3182345
15422634
4074930
2523951
4237966
2519918
4204446
34179523
1205534
34179333
2196220
34240838
14058883
15423236
6444067
40524855
4150490
3140582
15174433
40746183
3360149
23164475
1205815
6370007
2196444
5187583
40041232
5181404
4204768
3698894
23164558
2906578
49153858
4659722
34206862
2196501
9008581
15174599
22157750
2944314
23164640
34179648
6148064
3950857
40514742
4242966
4205039
4150961
24051078
34241307
14193987
24165886
3516302
4575258
15424085
3282467
24167098
2122762
15174821
40172709
14149955
14137919
5159210
1166843
24166066
5159236
3171066
14006031
4205336
24166116
22158220
1166488
4356931
24182097
2123083
23164988
3848192
2123174
5178475
3182709
15175174
4464180
34179960
14116905
5478651
2196881
4755421
6851071
34353383
34241695
40303830
4205542
3182063
2925222
5159400
40345378
24166363
34180075
25166017
14137885
25166041
14194415
6885210
4151647
2852681
24166439
40262754
40436974
25166108
4683375
1039271
1206946
24166504
34242230
4225839
2685677
4151829
14137984
5788281
23207878
2545459
34242271
4205922
6797845
24166694
15175547
49154310
4929018
34180885
4205989
4393058
3027300
23165472
15175570
24166827
14138040
4207506
25166256
24166876
5226043
34242446
2123679
2137901
40491735
39945197
39945249
39945246
39945279
39945281
39945311
39945320
39945474
39990535
39945781
39945933
39945908
39945938
40262103
39945963
39945982
39946026
39946064
39946073
39946189
39946399
39946590
39950005
39946603
39946740
39946751
39946785
39946805
39971585
39946906
39946917
39946934
39947078
40143943
39947164
39947191
39947231
39947354
39947375
40187496
34851626
39951544
40072066
39947517
40210590
39947584
65108662
39947771
39947928
39947921
39947967
39948072
39948079
39948106
39948131
4727024
39948255
39948269
39948300
39948442
39948465
39948463
39948554
39948620
39948779
39948782
40675626
39948839
40169952
39948951
39948985
39949048
39949071
39949090
39949188
39949201
40014089
39949263
39949378
39949406
39949560
39952393
39949744
40520029
40183661
40108486
39949763
40804864
39949810
39949827
39949862
39950001
39949968
39949982
39949992
24211235
40350702
40614339
39950176
39950195
39950274
39950317
40609260
40763375
39950359
40359985
40323622
39950500
39955693
39958629
39950606
39950627
39950768
39950771
39950790
39950900
39950928
39951037
39951162
39951261
39951305
39951303
39951330
40120442
40131195
39951376
39951449
39951526
39951561
39951623
39951691
24056234
39951732
39951755
39951781
39951880
39951996
39952065
39952099
39964745
39952225
39952263
39952265
39952379
39952376
39952446
40219417
39952648
39952755
39952770
39952821
39952845
39952903
39952935
39952963
39952973
39952982
39953004
39953102
40314117
39953221
39953260
39975658
39953479
40707883
39953619
39953719
39953754
39953812
39953898
40056659
40697791
39954117
39954176
39954359
39954217
40716961
40723186
39954322
39959670
4206367
39954445
39954483
39954646
39954669
39954676
39954701
39954765
39954790
39954808
39954901
39954889
39954947
40677537
4152231
39955227
39955238
40673613
39955269
39955271
39955285
40379169
39955385
39955375
40393675
39955404
40298832
39955462
39955510
39955533
39955563
39955591
39955614
39955609
39955685
39955730
39955746
39955806
39955827
39955838
39955876
40868050
39955957
40852974
39962480
40714540
39956088
39971296
39956113
39956135
39956125
39956132
40475005
40153760
39956169
39956177
40112984
39956241
40846386
39956360
39956371
40427083
39956467
39956453
39956459
39956496
40396238
39972311
39960461
39956585
39956590
39997319
39956697
39957859
39956704
39978307
24166983
4230342
39956773
39956784
39956789
39956844
39956854
39973211
39956861
39956872
39956880
39956935
39956973
40164841
39957045
39957087
39957127
39957166
40694354
39957337
39957347
39957373
39957389
39957542
39957641
39961445
39957862
39958065
40058538
39958102
40706769
39981993
39958124
39958168
40813003
39958174
40270947
39958184
40245029
39958267
39958312
40404825
39958325
39958333
39958376
39958416
40191703
40155334
39960261
39958661
40433518
39958944
40102285
39966156
39958859
39958879
39958914
39958936
39966527
39959059
40230528
39959069
40844427
39959225
39959242
40344750
39959273
39959333
39959334
39959359
39959358
39959441
39959493
39959510
39959542
39959559
39959677
39959688
39959703
39959719
39959745
39959779
39959817
39959865
39959843
39959957
39960013
39960023
39960044
39960050
39960053
40632001
39960049
39960075
39960130
39960146
39960226
39960307
39960316
39960383
39960392
39960458
39960459
40462840
39960514
39962044
40512461
40008624
39975790
39960600
39960610
39960614
39960683
39960708
39960755
39960793
39960780
39960817
39960829
39960835
39966586
23009225
39960915
39960920
40752422
39980398
39960993
39961077
40225782
39961104
39961149
39985084
39961253
39961311
39961357
39961356
39961377
39961411
39961496
40630041
40077122
40412730
40073849
39961567
39961835
39961843
39961850
39961857
39961844
40346550
39961934
40068600
39962074
39970785
39962133
40334066
39962151
39962182
39962168
39962186
39962221
39962215
39962253
39962264
40429572
39962268
39962302
40123521
39962352
39962405
39962434
39962454
39962543
39962581
39962599
39962604
39962644
39971638
39962743
39962768
40178707
39962942
39963100
40071552
39963118
39974855
39963172
39963203
39963231
39963244
39963286
39963300
40302029
39963309
39963310
39963322
39963340
39963420
39963469
39963465
39963497
39968396
39963636
39963638
39963798
39963801
39963804
39963810
39969198
39963895
5590133
40513569
39964033
39964156
39964171
40339468
39964216
39964232
39964301
39964324
39964372
40812366
39964527
39964611
40080109
40478649
39964687
39964685
39964701
39967291
39964746
39964744
39976750
39964837
39966568
39964869
39964873
39964875
39964900
39964902
40350680
39964985
39964979
39964970
39964988
39964991
39965024
39965042
39965053
39965058
40415450
39965176
39985029
39965307
39973406
39965334
39975492
39965360
40243930
2197301
39965475
40480250
39965779
39966406
40324077
40305395
40178920
39965835
40124466
39965902
39965906
39965914
39966021
39966056
39966038
39966043
39966070
39968448
39966131
40105425
39966166
39966176
39966189
39966236
39966293
40029388
39966345
39966547
39966563
39967984
39966634
40146655
39966711
39966813
39966854
39967645
39966978
40770160
4152470
39967014
39967010
39967242
39967264
39967272
39967292
39967315
39967323
39967364
39967385
40317514
39967410
39967411
39967499
39967513
39967616
39967655
39967713
39967727
39967761
39967813
39976014
39967892
39998262
39968043
39968086
39968143
39968202
39968215
39968739
40142795
39968347
39968435
40030928
39968507
39974123
39968586
39968804
39968843
40317975
40197678
39968926
39968930
40536518
39968987
39969007
39969032
39969120
40225328
40857935
39969371
39969411
39969419
39969469
39969488
40034681
39969677
39969687
39969733
39969740
39969741
39969780
39969779
39969773
39969766
39969869
39970027
39970052
40042340
39970112
39970132
39970148
39970248
39970266
39970288
40751899
39970350
39970333
39970351
39992890
39971753
39970480
39989672
39970538
40021819
39970607
39970597
39970633
39970661
39970677
39970734
39976701
39970812
39970798
39970805
39970852
39970851
39970870
40445497
39970890
39970889
40292318
39970983
39971041
39971072
39971059
40053815
39971235
39971303
39971338
40072065
39971419
39971492
40776906
39971634
39971666
39971686
39971724
39971778
40212697
39971904
39971905
39971999
39972085
40266157
39972272
39972306
39965392
40043266
39972333
39972403
39972404
39972430
39972465
40122209
39972474
40161804
39972501
39989335
39972553
39972644
39972651
39972703
39972707
39973531
39972721
39972759
39972777
39972798
39972836
39972854
39972876
3917187
40125926
39972965
39972977
39972994
39972999
39973011
39973016
39974023
39978812
39973162
39973237
39973260
39973291
39973304
39973296
39973305
39973351
39973359
39973374
39973403
39973426
39973449
39973465
39973474
39975527
39973600
39973653
39973668
39973683
39973702
39973722
39973796
40087373
40671588
39973845
39973856
39981144
40174706
39973962
39973966
40264034
39973989
39974028
40283164
40676257
39974087
39974091
39974107
40420005
39974165
39974175
39974198
39974249
39974267
39974287
39974293
7100743
39974367
39974380
39974378
40511551
39974415
39974449
39974481
39974492
39974504
40836280
39974506
40039914
39974582
39974600
39974630
39979697
39974685
39974717
39974792
39974802
39974809
39974844
39974869
40192122
39974894
39974896
39974901
10122812
39974913
39974915
40672710
39975127
39975154
39975188
39975203
39975258
40154242
39975303
39975309
39975397
39993790
40335889
39975501
39975497
39975506
39975539
39975581
39975576
39976129
39975632
39975735
40276337
40113217
39975747
39975764
39975779
39975787
39975824
39975844
39975882
39975911
40128011
40107677
88704884
39975942
40711538
39985887
39976081
39976082
39976090
39976157
39976004
39976256
39976258
39976391
39977889
40158115
39976517
39976595
40045421
40045402
39976626
39976633
39976718
10423004
39976763
39976778
39976791
39979575
39977629
39976838
39976845
39976875
39976877
39976896
39976911
39976918
39976931
40133581
39977144
40002615
39977266
39981508
39977331
39977348
39979318
40856505
39977360
39977420
39977484
39978656
39977566
39977565
40046701
40029817
39977720
39999907
39977864
39977883
39977870
39977884
40443483
39977958
39977957
39977997
39978051
39978067
39978081
39978160
39978167
39978179
40088714
39983278
39978222
39978962
39978281
39978295
39978308
39978318
39978331
40259152
39978345
39978362
39978407
39978442
40202956
39978550
39978555
39978588
39978591
39978906
39978902
40278754
39978720
39978719
39978747
39978749
39978755
39978780
39978803
39978821
39978823
40213329
39978876
39978888
39978957
39978973
40020805
40285236
39979056
40328066
39979097
39979111
39979166
40028429
39979186
40074796
39979206
39979262
39979275
40690610
39979315
39980170
39979377
39979368
39979383
39979425
39979477
39979559
39989153
39979574
39979591
39979629
39979620
40209078
39979706
40138128
39979821
39979841
39979848
39980310
39979915
39979937
39979941
40137456
40836494
39980019
40082429
39980071
39980101
39980177
39980192
39980266
39980278
39980286
40363674
39980399
39980498
39980512
39980528
39980554
39980553
39980563
39980590
39980602
39980619
39980632
39980717
39980743
40755003
39980833
40406649
39980814
39980842
39980863
39980870
39980879
40255044
39980913
39980923
39980926
39980964
39981030
39981024
39981037
39981106
39981119
39981194
39981219
39981225
40032247
39981446
40004751
40164685
39981478
39981510
39981567
39981600
40853655
40036283
39981646
39981644
39981772
39981857
39981915
39981940
40747324
39981949
39982009
40375121
39986578
39984455
39982052
39982262
3007229
39982340
39982352
40037402
39982379
39982401
39982396
39982430
39982469
39982494
40733443
39982558
39982568
39982586
39982620
39982638
40353465
39982686
39982713
39982779
39982842
39982870
39982869
39982883
39982894
39982942
39993041
39982975
39982974
39982973
39995032
39983027
39983047
39983115
39983191
40216824
40185686
39983222
39983242
39983270
40165606
40643939
39983292
39983297
39983316
39983329
39983334
39983354
40156241
39996879
39983407
39983432
39983518
40499217
39983525
39983597
39983612
39983646
39983676
39983671
39983694
39983699
39983708
39983738
39992903
39983855
40446760
39984033
39984057
7044040
39988379
39984201
39984331
39984433
39984463
39984471
39992524
40179923
39984656
39984657
39984688
39985488
39984766
39984807
40066840
39984981
39985020
39985055
40794072
39985096
39985789
39985900
39985248
40044712
39985279
39985286
40293352
39985416
39985421
39985426
39985429
40822698
40299922
39985475
39985485
39989552
39985532
39985534
39985603
39985633
40639720
40524085
40037286
39985726
39985772
39985795
39985814
39985829
40398499
39985875
39985886
39998197
40397495
39985961
39986022
39986024
39986068
40502447
39986171
39986178
39992349
39986218
39986358
40113058
39986400
39986406
39986422
39986427
39992262
39992284
39986462
2949198
39986514
39986521
39986664
40428013
39986738
39986782
39986791
39986829
39986839
39986876
39986938
39990401
39986958
39986950
39995003
39995098
39987000
3766774
39987058
39987063
39987093
39987099
39987110
39987125
39990222
39987264
39987288
39988663
39987410
39987422
40005783
39987459
39987607
40185774
39987669
39987714
39987707
39987739
39987742
39987784
39987888
40013294
39987929
39987955
39987974
39987982
39988009
39988025
39988037
39998115
39988054
39988097
4483719
39988108
39988137
40482502
40194646
39988201
40622970
40420575
39988234
40230548
39988300
39996670
39988400
39988404
39988418
39988428
39988427
39988457
3182873
39988527
40715873
39988617
39988632
39988818
40443571
39988671
39991708
40056638
39988778
39988906
39988952
40115872
40285732
39989067
39989739
39989078
39989092
39989096
39989095
39989133
39989171
40256170
39989196
40200520
39989237
39989256
39989259
39989269
40210918
39989340
39991493
39990727
39989436
39989456
39989439
39989446
39989477
39989459
39989486
39989626
39989223
39989660
39989706
39989712
39989733
39989753
39989801
39989812
40059282
39989814
39989823
39989835
39992647
39989880
39989894
39989915
39989903
24198861
39989940
39989970
39989976
39989981
40008634
40004639
39990067
40013710
39990094
39996999
39990102
39990511
40014602
39990162
39990183
40003823
39990202
39990212
39990214
40679629
39990238
39990291
40008184
39990385
39991645
39990471
39990508
39990528
40707969
39990623
39990833
39990861
39990912
40290737
40374916
39990924
39990952
39991000
39991048
39991092
39991107
40532529
39991165
39991193
39991227
39991254
40051654
39991344
39991371
40368103
39991405
39991423
39991449
39991509
39991519
39991571
40061852
39991593
25166405
39991611
39991628
39991638
39991864
39991765
40250756
39991788
39991811
39991814
40005777
39991866
39991875
39991904
39991928
39991933
40075099
39991997
39991991
39992060
39992038
40002164
40503985
40260887
39992070
39992186
39992219
39992237
39992275
39992334
39992365
39992369
39992432
39992443
39992448
39992486
39992532
40610293
39992623
39992654
40097345
39992758
39992757
40846372
39992809
39992824
39992883
39992934
39992932
39992984
40573086
39993008
39993030
39993040
39993074
39996529
39996507
39993136
39993306
39993336
39993350
39993809
39993394
39993563
40320927
4255786
39993713
39993727
39993757
39993784
39993804
40137905
39993815
40682489
40001502
39993969
39993991
39994013
39994026
40219142
39994063
39994137
39994132
39994136
39994151
39994189
39995395
40373915
40662335
40315666
40046708
39994481
39994549
39994629
39994650
39994669
40006746
39994682
39994724
40497209
40125332
39994757
39994798
39994812
39994819
39994833
39994860
39994867
39994910
39994925
39994968
39994996
10629766
39995073
39995076
39995088
40033801
39995181
40010101
40011403
40765779
39995309
40465796
39995340
39995370
39995383
39995455
39995485
39995868
39997265
40002451
39995674
40082937
39995678
39995733
39995775
39995776
39995792
40733776
39995893
39995892
39995924
39996185
39995974
39996002
39996006
39996020
39996044
39996089
39996101
39996123
39996152
39996165
39996174
39996193
40848173
39996234
40214623
39996240
39996244
39996312
39996327
39996374
39996409
39996568
39996579
39996604
39996614
39996673
40447712
4111039
39996723
39996735
39996791
10175794
39996828
39996834
39996863
39996886
39996896
39996897
39997028
39997043
39997053
39997089
39997088
40038101
39997129
40495602
39997212
40001835
39997303
39997331
39997350
39997356
39997713
39997385
39997418
39997433
39997446
39997456
39998704
39997479
39997513
39997688
39997681
39997703
40088715
39997766
39997797
39997864
39997893
39997895
39997900
39997952
39997978
39997986
39998033
39998037
39998152
39998164
39998228
39998222
39998243
39998296
39998313
39998332
39998353
40175728
40003366
39998455
10160101
39998490
39998496
39998548
39998592
39998594
39998626
40235296
39998671
88170995
39998739
40699305
39998780
39998816
39998858
39998861
39998877
39998911
39998925
39998962
40218219
39998982
39998975
40009017
39999033
39999050
39999075
39999098
39999102
39999128
39999134
39999147
39999155
40812747
39999168
4217497
39999229
39999253
39999389
39999434
39999454
40859337
39999509
39999508
39999527
39999530
39999537
40280657
39999672
39999690
39999696
40415021
39999829
40507833
39999847
39999871
39999887
39999896
40000257
39999924
39999942
39999940
39999961
40000318
40000037
40000043
40000074
40000128
40000164
40000201
40000225
40000232
40000269
40000282
40000302
40000304
40000305
40011101
40002637
40000918
40000367
40000381
40000461
40000499
40000527
1399899
40420968
40000599
40000578
40000593
40000620
40000626
88242125
40000685
40000717
40000783
40747756
40000815
40000831
40000829
40000883
40000934
40001023
40001033
40004310
4246603
40001123
40001119
40410639
40001185
40001251
40001254
40001264
40001289
40001301
40001316
40001320
40018180
40001361
40018173
40001422
40001456
40183332
40001532
40001529
40001578
40001603
40001609
40001656
40001664
40001673
40001718
40001719
40482529
40001771
40001800
40004580
40005603
40001850
40001851
40001860
40001868
40778651
40001913
40001942
40001955
40001992
40869923
40002022
40002029
40002094
40002111
40002197
40002201
40002236
40002250
40002266
40002331
40004104
40236700
40002361
40165713
40002364
40002399
40002404
40002428
40002438
40002422
40002445
40002471
40002492
40002487
40002509
40002524
40015460
40002634
40002645
40002655
40754260
40002684
40002702
40002703
40002761
40002785
40002824
40176450
40002936
40002921
40257275
40002995
40003049
40003089
40003099
40003091
40421970
40003117
40003289
40003314
40003385
40003389
40003390
40003391
40003401
40003414
40003416
40003432
40003507
40003518
40003594
40003623
40003629
40003627
40003678
40003683
40003700
40691945
40003717
40003758
40003813
40066202
40003869
40003935
40003950
40003958
40003961
40003974
40004055
40004081
40012357
40004149
40099859
40004372
40004466
40004426
40004478
40004488
40004490
40004548
40004555
40004606
40004633
40260880
40004781
40070648
40004808
40004827
40004844
40004872
40004891
40209681
40254952
40004930
40004947
40004991
40005030
40410105
40005160
40005195
40005211
40005232
40005305
40005365
40005370
40005371
40005378
40005404
40013569
40005449
40005459
40795423
40005478
40005492
40005521
40005528
40005527
40005566
40005585
40465908
40202123
40005704
40006036
40005749
40005754
40005765
40005889
40005836
40005839
40005853
40005900
40005905
40005921
40057976
40006421
40005986
40005981
40006015
40006098
40006138
40006128
40033729
40006147
40006177
40006294
40006380
40006381
40006427
40006445
40006458
40006532
40006540
40251663
40006614
40006657
40016860
40167376
10716183
40657314
40006820
40006825
40663085
40006895
40006873
40006906
40007196
40006994
40007017
40007063
40007081
40007126
40007203
40007190
40007200
40605357
40721664
40007311
40007327
40007378
40007672
40007774
40008317
40007684
40007691
40007735
40007745
40024277
40007764
40007779
40118046
40007870
40007925
40063479
40007960
40008035
40008042
40008102
40008121
40008131
40008152
40008285
40041558
40008374
40008381
40008379
40008394
40008413
40008453
40662024
40375926
40008546
40311966
40008609
40008623
40008644
40008651
40008671
40035857
40021018
40008850
40009618
40010255
40008724
40008739
40008754
40008761
40008771
40008776
40008812
40008825
40008830
40008907
40008943
40008989
40009010
40465544
40021881
40010138
40009191
40009183
40009319
40016282
40009391
40009455
40009470
40009541
40009556
40020691
40138052
40009585
40027380
40009623
40009643
40009683
40009729
40009768
40009791
40009806
40009809
40009815
40009858
40011076
40009939
40009973
40378002
3435032
40187050
40010084
40010123
40010152
40010238
40010240
40010277
40010321
40010315
40010338
40671881
40010361
40010376
40010384
40010437
40010460
40010487
40010536
40010564
40010575
40380915
40010571
40010576
40010728
40010810
40010822
40092545
40010966
40011023
40144847
40021942
40028010
40011163
40031609
40011283
40011287
40011311
40011434
40011444
40015194
40011599
40031146
24167254
40035201
40013656
40011665
40011696
40011717
40496527
40011748
40011774
40014961
40345902
40011887
40011934
40011975
40030852
40011993
40012005
40750513
40029225
40012026
40012038
40012081
40012145
40012650
40012192
40012191
40012386
40012404
40012450
40012449
40012473
40117472
40012590
40012626
40012639
40022228
40012729
40012738
40012815
40012824
40012840
40012877
40658368
40012907
40176595
40012943
40012983
40012992
40013002
40013012
40013013
40013017
40013023
40017617
40022138
40013054
40039742
40013133
40013152
40013213
40013204
40013526
40814921
40013397
40013405
40013464
40199560
40013548
40013597
40013617
40013680
40013687
40013703
40013845
40013715
40016336
40013796
40013897
40016786
40013986
40014033
40141549
40014101
40014103
40014132
40014163
40014227
40014265
40424593
40014323
40650109
40014345
40014373
2947499
40014361
40014380
40016157
40019821
40231343
40014659
40014690
40125800
40161659
40014731
40014788
40014784
40014824
40014867
40014983
40014989
40019462
40015001
40015010
40015833
40015035
40015062
40015165
40015159
40015214
40019131
40015345
40200921
40015470
40015903
40015550
40758222
40015599
40051009
40767176
40015647
40015756
40015770
40015783
40015839
40015841
40015881
40015996
40016013
1167239
40020699
40016145
40016203
40033697
40040367
40451268
40059733
40020761
40016345
40016408
40016409
40023947
40016462
40016450
40017337
40016563
40016700
40016763
40688703
40016803
40191790
40016800
40016898
40016878
40016899
40016992
40017017
40017042
40017075
40675709
40017083
40025852
40029449
40017108
40017110
40017111
40017183
40017247
40017277
40017356
40017375
40426969
40017410
40017443
40017555
40017570
40017606
40072381
40017686
40017695
40017820
40017900
40517926
40018174
40018170
40018240
40018289
40018307
40018316
40018340
40018360
40018367
40018392
40018409
40018423
40018432
40018439
40018446
40018453
40018450
40148782
40022950
40018589
40018628
40777810
40018674
40018723
40744220
40054822
40018768
40018764
40018895
40018933
40018938
40018965
40019001
40019010
40019028
40019044
40019062
40057360
40019127
40019162
40019171
40019231
40019229
40019249
40019263
40019250
40019315
40019320
40019338
40019344
40019380
40270281
40019386
40019397
40086168
40019440
40019471
40019490
40019494
1291153
40019654
40019664
40022126
40019691
40019734
40019748
40019753
40019763
40019772
40019783
40019829
40019826
40374691
40019938
40019944
40019970
3951327
40019997
40020040
40022641
40020130
40020156
40242563
40020262
40020266
40020416
40020492
40030440
40020619
40233589
40026067
40020675
40022290
40020703
40020729
40067727
40020829
40020819
40020894
40020912
40790070
40021051
40021058
40021071
40021074
40021125
40021163
40021192
40021243
40021255
40021289
40021332
40124137
40053703
40021435
40021454
40021482
40021497
40021553
40021576
40750626
40021632
40021631
40021666
40021695
40021650
40021678
40021676
40021710
40023858
40021815
40021835
40021839
40021885
40021878
40021887
40021912
40021979
40021966
40021958
40021984
40021975
40032949
40022020
40022030
40227947
40022509
40228771
40022215
40022220
40022224
40022253
39999648
40022276
40022286
40022293
40022387
40022401
40022445
40712075
40022484
40022546
40022588
40022620
40022625
40022644
40029655
40022660
40031181
40022825
40023163
40023096
40023054
40023071
40023126
40024587
40023188
40023184
40023226
40023323
40023336
40738410
40025656
40023534
40023553
40023647
40023726
40024680
40121919
40757076
40023770
40023796
40023813
40023803
40023819
40023874
40271199
40023896
40023931
40023965
40023957
40023972
3173021
40024059
40024082
40024196
40024195
40024197
40024865
40024268
40024280
40024301
40024444
40774434
40024459
40024508
40024519
40024567
40024584
40024591
40030768
40024641
40024703
40785467
40368960
40024816
40412812
40024975
40024990
3173039
40025089
40025108
40220466
40025142
40025188
40025201
40025843
40025820
40752248
40025404
40025513
40025631
5076646
5498766
40130942
40046989
40130943
40025648
40155814
40025664
40025667
40025681
40025719
40608964
40025777
40025790
40025800
40025816
40721874
40046134
40046119
40025906
40025919
40025945
40025922
40025942
40025932
40025946
40204431
40025993
40026154
40026188
40026207
40026201
40026251
40030584
40026261
40026268
40026279
40080320
40026318
40028027
40126833
40043865
40026343
40026352
40026384
40026393
40026471
40026462
40026465
40048699
40026504
40026517
40026546
40026636
40026655
40026732
40026756
40026830
40026846
40600241
40026859
40026891
40026928
40026934
40026971
40175076
40027064
40027122
40027125
40027157
40027169
40027214
40027207
40362903
40266303
40027255
40027338
40027348
40027376
40027407
40027412
40027461
14591172
40027475
40027524
40027549
40064924
40765551
40029497
40027720
40027739
40027818
40299545
40027855
40027877
40062963
40027887
40027902
40027941
40027945
40029173
40232505
40028138
40028147
40034693
40028180
40030594
40028249
40031950
40028349
40095949
40028475
40028518
40028564
40028567
40028680
40028656
40028667
40028757
40028776
40028821
40028891
40028879
40028905
40028917
40028962
40235971
40029076
40029094
40029105
40029113
40029122
40029159
40029190
40029194
40029214
40029226
40029234
40029258
40029346
40709252
40029381
40029420
40029437
40029476
40029607
40029682
40057777
40029787
40029796
40029804
40271638
40047867
40029982
40030010
40030127
40053154
40036473
40030169
40030221
40030255
40030337
40030411
40030444
40030517
40030529
40030557
40030635
40030731
40030716
40030736
40030753
40030737
3183111
40030825
40030861
40030909
40030911
40044048
40030989
40031019
40031044
40031060
40322549
40031048
40031094
40031107
40031124
40031154
40031175
40031194
40031190
40031208
40031246
40317915
40821795
40031377
40031414
40089326
40031515
80602698
40031636
40031795
40031846
40031861
40031931
40076847
40032568
40032086
40032088
40032115
40032120
40032133
40032184
40032183
40032237
40045073
40197838
40607038
40032483
40032494
40032532
40032577
40032623
40032632
40032736
40032740
40032771
40032784
40032805
40032800
40032822
40032881
40032938
40032945
40069362
40033165
40307022
40033220
40033280
40033289
40033300
40033310
40033340
40033394
40033439
40033452
40033507
40033536
40033561
40033624
40033693
40260900
40033736
40033787
40033772
40075617
40033861
40033915
40033945
40033956
40033964
40033989
40034137
40034139
40034175
40034251
40034261
40035841
40034306
40037426
40223437
40382640
40738521
40034465
40034519
40034527
40034562
40034559
40045991
40034572
40034597
40034610
40034614
40034644
40034652
40034684
40034753
40034758
40034837
40046171
40038428
40034919
40165294
40112600
40431156
40035043
40035079
40036078
40035123
40035147
40035155
40709058
4884791
40035222
40035287
40035301
40051094
40035339
40035338
40035362
40035401
40035407
40071872
40035444
40035722
4899286
40035522
40035540
40035548
40035588
40035586
40090354
40035675
40035672
40035705
40035766
40035827
40035835
40035958
40035990
40036048
40036111
40036152
40036175
40036180
40043198
40041987
40036251
40036258
40036265
40036266
40036287
40036348
40079289
40036381
40036419
40036422
40041174
40036471
40036501
40036644
40036603
40036639
40036686
40036749
40036750
40036801
40036862
40036989
40036987
40037008
40037047
40037053
40037067
40037177
40037194
40037236
40037248
40327851
40037306
40037310
40037387
40037408
40047174
40037499
40781153
40037563
40037569
40037574
40037580
40037598
40037709
40037722
40037854
40037898
40037910
40037911
40037921
40037924
40037939
40037952
40037962
40037983
40038027
40038029
40038038
40102765
40038144
40038143
40038163
40038254
40038366
40371978
40038311
40038325
40038358
40038436
40038430
40038444
40128812
40038528
40052621
40038587
40038589
40106438
40038635
40038663
40038706
40038734
40038751
40038760
40038763
40038810
40038840
40038843
40062021
40038859
40610051
40390869
81094408
40038963
40038980
40038981
40111566
40039075
40039110
40498858
40039120
40039125
40039135
40039142
40116443
40039178
40039214
40039217
40039245
40039301
40039309
40039307
40039318
40039423
40039417
40039439
40039566
40152402
40152400
40039707
40039760
40039771
40039778
40039877
40039893
40039928
40039997
40532204
40040092
40040123
40040110
40040156
40040168
40040185
40040202
40545399
40425279
40395655
40474111
40710697
40681478
40626991
40753656
40746322
40423207
40654281
40753661
40672737
40040296
40188440
40040401
40479506
40040491
40169232
40685072
40040604
40134140
40040646
40041384
40040834
40040946
40040969
40041020
40053083
40041143
40041149
40041173
40041237
40041252
40041254
40041317
40041353
40041406
40041483
40041592
40041623
40041717
40041772
40041800
40041832
40041835
40051167
40041853
40041855
40041893
40041905
40041932
40042005
40042083
40042088
40042101
40042119
40262311
40042134
40042139
40413058
40042146
40042149
40042193
40042270
40042260
40042311
40042396
40042399
40042409
40043559
40042459
40042468
40042544
40042568
40042549
40042554
40042570
40042589
40068951
40042700
40042710
40042715
40042787
40042801
40042829
40042841
40053904
40042979
40042989
40162633
40195818
40523471
40043063
40043087
40043118
40043158
40043164
40043167
40043172
40610891
40043186
40043218
40043294
40043311
40043359
40043427
40043447
40043521
40043606
40043607
40043655
40043653
40043666
40078560
40043825
40043849
40043875
40043986
40044031
40044032
40044041
40088167
40044078
40044088
40044161
40044164
40044200
40764842
40254478
40044235
40044277
40044378
40044410
40044433
40044488
40044499
40044545
40045757
3545558
40198231
40044683
40044724
40044735
40044784
40044803
40282478
40692185
40044913
40044962
40044972
40044984
40045010
40205937
40053401
40045053
40045063
40045069
40045104
40045111
40266172
40051362
40045133
40045156
40045215
40045202
40045209
40045230
40045280
40478140
40045283
40045348
40045365
40045394
40045430
40045423
40045428
40045474
40045487
40045485
40045508
40052792
40045554
40154639
40045662
40088267
40045783
40045787
40045794
40045816
40167273
40045862
40045821
40045828
40045878
40045896
40045902
40045921
40045922
40045919
40045928
40045974
40045978
40046007
40303369
40046051
40046071
40046068
40100528
40046117
40046120
40046126
40211074
40046151
40046174
40046173
40052627
40046275
40218535
40046293
40056816
40046363
40833987
40046383
40046408
40046402
40046418
40046434
40687861
40046478
40046500
40046507
40046566
40051004
40046684
40046719
40754069
40157479
40046736
40046739
40346611
40046748
40046757
40347268
40105285
40046838
40046849
40050466
40737376
40046942
40046968
40046964
40046969
40047018
40047041
40826488
40048874
40047254
40047248
40047280
40047293
40047313
40047325
40047355
40047356
40727905
40047507
40047555
40169679
40047605
40047637
40047656
40047693
40047699
40047722
40047736
10920405
40047765
40047774
40047784
40047803
40032832
40047830
40055467
40047840
40047869
40047875
40047910
40047926
40047946
40047978
40047979
40047997
40048088
40048069
40257134
40061403
40049340
40048129
40048171
40056274
40048233
40048295
40048296
40660549
40048369
40168420
40048377
40379870
40048414
40048423
40048442
40499199
40048525
40048548
40048560
40355735
40048588
40677202
40523609
40051458
40048631
40048640
40048655
40048670
40048680
40048684
40048718
40048732
40048758
40048826
40185806
40048849
40048896
40051300
40048927
40048929
40050869
40059869
40048998
40049109
40049148
40049157
40049172
40049175
40312961
1174656
40607859
40049233
40102594
40049358
40049440
40049495
40080225
40049860
40049581
40049597
40049614
40128243
40049627
40050968
40338235
40049851
40728295
40049867
40049893
40049902
40049921
40049969
40049982
40050157
34197202
40050052
40050057
40053736
40050182
40050190
40050193
40050195
40050232
40050260
40050285
40608488
40050360
40051882
40050435
40050439
40050476
40310172
40050487
40050493
40050535
40050547
40050594
40050598
40050605
40391510
40252883
40050743
40050927
40050967
40363814
40050996
40051038
40051051
40051044
40051054
40051043
40051060
40051075
40051117
40051145
40051184
40051208
40051228
40065178
40051236
40051312
40544496
40097725
40056066
40051383
40051344
40051408
40051456
40051478
40051497
40051561
40051620
40051637
40051639
40262786
40051756
40225424
40051771
40051960
40051867
40051922
40051966
40052003
40052014
40052102
40052097
40052139
40052144
40052175
40052251
40052337
40052380
40052419
40052458
40052499
40052522
40052538
40052541
40052558
40312900
40052608
40059528
40067491
40329514
40052764
40100456
40071834
40291644
40052782
40052788
40052837
40052839
40052860
40052862
40052899
40052901
40062870
40132217
40722932
40386346
40053042
40054096
40053088
40053126
40322883
40053140
40262401
40066228
40053220
40225975
40053305
40053314
40053353
40053364
40053371
40053395
40053444
40053446
40053449
40322372
40053499
40053511
40053535
40541627
40430112
40053560
40069850
40053578
40053800
40055039
40053885
40053940
40053991
40054060
40054128
40054131
40054136
40054190
40054216
40054250
40478870
40054276
40054288
40132312
40421465
40054356
40054407
40054430
40054446
40054479
40054491
40054565
40054598
40054605
40082637
40054610
40054628
40054640
40054653
40054652
40054665
40373175
40054824
40251456
40054922
40054956
40137306
40055058
40055070
40055097
40674043
40055123
40055137
40055204
40055223
40055237
40055257
40055265
40055299
40055323
40063190
40055425
40055509
40055554
40055571
40055597
40055617
40055647
40055658
40059385
40055672
40055696
40092455
40458198
40055755
40189008
40055780
40055791
40693686
40055810
40055840
40055843
40055850
40055854
40055864
40055862
40061918
40055878
40266483
40055917
40055937
40055939
40055999
40056011
40067265
40056036
40253763
40056187
40056214
40056210
40056223
40056240
40056251
40056258
40056289
40056293
40056297
40056353
40056372
40056369
40056502
40056536
40056549
40056601
40479145
40056654
40056665
40056704
40056692
40056705
40056714
40056797
40056840
40056861
40056870
24167379
40059580
40060137
40057916
40057075
40057082
40121775
40837385
40162745
40057154
40057203
40057220
40057252
40205667
40057284
40451538
40213654
40126708
40057366
40057394
40089356
40162906
40162901
40057487
40057493
40057528
40057580
40057595
40057620
40057666
40057701
40057702
40057719
40062389
40057746
40630631
40057754
40057857
40057873
40057874
40057940
40058064
40609621
40058119
40058153
40058169
40058226
40058254
40058256
40728504
40058311
40058320
40058322
40058340
40058346
40058362
40058369
40058416
40058449
40058511
40069975
40068418
40058555
40058592
40058606
40058627
40058664
40058665
40058673
40060021
40058703
40058726
40058777
40058899
40513110
40058917
40058958
40058965
40058990
3813188
40059018
40059455
40094354
40059143
40059158
40059173
40504468
40184864
40059212
40758856
40059253
40059280
40059302
40059371
40059383
40059402
40059407
40059456
40059463
40059483
40059557
40059671
40059688
40059747
40059788
40059810
40059842
40341376
40059905
40059993
40059988
40060061
40060077
40060092
40060088
40060095
40060129
40060194
40060203
40060260
40060262
40060266
40060277
40060318
40070029
40060341
40060360
40060412
40060429
40060452
40060478
40060488
40060565
40060636
40060645
40064401
40063408
40125735
40060871
40060889
40060898
40060910
40060833
40061004
40454638
40061038
40061061
40069425
40061251
40420108
40061279
40149591
40062226
40066369
40141115
40061375
15194415
40672337
40061461
40061462
40061494
40061540
40061586
40200485
40061727
40061749
40227478
40061890
40061893
40067175
40089798
40864162
40138213
40061940
40061987
40061996
40061999
40062004
40062058
40062109
40062128
40062235
40064854
40062252
40062421
40062434
40062577
40062581
40062578
40062599
40062614
40062652
40065892
40062688
40062703
40100358
40062732
40062845
40683559
40062848
40062867
40445257
40062984
40062988
40062993
40063074
40063122
40063183
40063283
40063321
40067607
40063326
40493638
40063350
40599843
40063356
40063376
40063397
40063427
40063434
40063441
40063456
40682163
40063469
40063490
40063524
40063526
40067605
40063567
40063583
40063605
40063609
40063603
40063625
40063703
40063712
40063747
40063778
40063788
40065317
40063985
40064006
40064076
40064149
40064919
40064233
40052772
40064313
40673469
40064610
40064422
40064452
40064460
40064467
40064471
40064487
40064559
40064598
40064601
40064669
40466460
40116440
40064736
40314229
40064773
40064780
40064794
40651481
40064817
1167395
40064927
40064996
40064994
40065053
40065050
40065124
40065169
40065164
40065208
40065219
40768141
40065230
40065244
40065264
40065311
40065426
40065486
40065494
40065520
40065525
40065594
40065728
40065722
40065773
40065798
40065849
40065899
40066011
40066079
40066187
40066212
40066254
40066511
40093083
40066644
40066664
40066668
40066685
40066691
40066714
40066716
40412145
40066781
24191486
40066800
40075406
40066914
40212759
40235502
40066952
40066958
40066989
40067026
40759297
40067061
40067079
5458042
40074598
40067170
40067187
40213960
40067218
40067222
40067233
40067249
40067260
40067268
40067277
40386183
40815407
40067319
40067316
40067326
40248570
40067389
40067393
40067398
40067428
40067468
40067473
40067530
40310108
40067547
40067565
40067577
40067619
40067676
40067682
40067715
40067740
40067741
40067806
40737141
40067969
24167445
40068055
40068075
40068096
40068167
40068232
40068244
40068279
40068277
40068299
40068310
40068306
40073608
40068335
40068380
40068390
40068410
40068458
40075833
40068471
40068482
40068513
40068508
40069532
40068580
40068714
40068725
40068733
40068741
40448516
40077719
40187762
40068884
40068903
40465327
40082034
40068964
40068977
40397347
40265068
40069016
40069104
40069038
40069062
40069107
40069084
40069090
40069126
40069198
40069224
40069275
40069288
40069293
40073796
40069352
40069394
40069408
40069456
40069468
40069584
40069598
40069627
40069650
40069713
40069800
40069843
40069853
40069887
40069881
40069890
40069888
40069950
40069953
40069951
40674677
40069987
40070031
40752307
40076290
40070059
40072949
40070090
40070087
40070113
40070120
40070162
40797093
40070311
40207844
40070391
40074778
40127764
40070417
40070430
40348181
40089703
40070548
40070541
40070557
40070564
40070629
40158441
40070729
40070746
40070786
40070776
40074931
40070793
40070817
40070838
40096039
40070851
40070865
40070877
40070888
40070927
40070932
40071005
34242776
40071035
40071066
40071078
40071139
40770546
40071284
40071307
40071341
40071353
40071382
40071395
40071490
40071513
40071527
40071566
40071584
40071588
40071685
40071698
40720827
40071756
4206813
40071810
40071829
40071832
40071843
40071894
40071911
40071917
40071951
40089650
40079613
40072085
40072118
40072152
40072155
40072176
40072225
40072223
40072267
40072284
40072318
40072380
40072454
40072498
40072520
40072530
40072541
40650892
40076204
40072629
40074477
40072647
22158816
40158640
40072790
40072800
40072827
40072832
40072842
40072838
40072864
40072876
40079942
40072879
40512695
40072909
88695215
40088467
40072969
40064585
40073192
40073260
40073343
40073385
5047225
40073403
40073407
40073457
40073473
40073490
40073493
40073528
40073544
40097117
40111275
40073649
40073670
40085812
40073740
40073745
40073769
40073774
40077042
40073804
40073826
40073890
40073901
23132027
40073988
40074007
40074024
40074052
40074082
40074091
40074159
40074185
40074189
40074248
40074383
40081631
40074424
40074419
40074431
40074433
40074564
40788715
40074674
40074749
40074802
40074841
40074867
40074928
40688953
40074988
40076735
40116863
40077985
40076980
40075060
40076999
40093187
40075084
40075092
40075155
40075222
40075257
40077571
40075371
40075386
40075464
40075502
40075521
40075553
40075562
40076884
40149219
40075608
40075609
40075615
40075619
40075638
40078540
40075739
40081762
40075766
40300755
40075806
40075825
40075914
40075904
40075945
40075956
40075955
40075973
40076012
40076036
40076043
40076067
40076089
40076090
40076111
40076145
40076160
40076857
40076195
40076237
40080837
40076249
40131293
40770334
40076307
40076350
40076377
40076376
40076398
40076416
40076433
40076448
40076452
40076469
40076494
40076509
40076510
40076531
40076580
40076608
40076637
40076653
40076665
40076682
40076712
40076970
40076984
40077404
40077658
40077047
40077081
40077100
40077105
40614435
40077157
40077159
40177435
40077345
40088284
40077427
40081760
40122613
40077550
40077565
40681533
40630659
40077682
40077731
40077737
40077739
40077847
40077901
40077908
40077945
40077947
40077967
40081399
40523787
40175003
40078106
40078118
40328770
40078137
40078158
40078173
40078174
40078188
40078209
40078222
40078247
40078258
40078331
40078386
40078399
40078393
40078397
40078402
40145267
40078476
40092769
40078572
40078569
40078591
34231647
40078632
40078643
40087926
40085729
40078716
40163649
40078756
40078799
40759722
40078822
40554234
40078924
40332055
40078931
40078956
40078962
40732487
40078992
40078993
40079009
40079017
40079021
40079653
40079099
40079105
40079114
40079130
40079154
40079218
40079256
40079273
40079314
40822364
10829093
40079338
40212833
40079402
40776355
40079432
40079501
40079530
40079536
40079556
40079626
40079624
40079672
40082566
40079691
40079705
40079711
40079741
40079739
10489161
40079780
40079782
40079802
40079821
40079846
40079863
40079869
40079968
40079994
40080014
40080042
40080041
40080130
40080176
40080179
40080188
40080204
40080220
40116476
40080278
40080317
40080323
40224808
40080373
40080379
40080386
40080409
40080417
40080669
40082426
40080520
40080521
40080601
40080611
40080620
40080641
40081042
40080679
40080744
40080787
40412895
40330288
40080891
40080904
40080967
40080982
40080996
3173302
40081014
40081035
40081063
40168725
40081131
40081156
40081166
40081192
40081197
40081215
40081238
40081239
40081257
40081259
40081273
40081274
40081326
40081335
40258991
40081361
40081365
40090735
40081421
40553781
40081556
40081612
40081691
40081700
40081732
40081740
40081799
10316810
40081812
3885533
40081859
40081852
40751087
40081868
40081900
40087626
40085080
3173310
40082087
40082099
40082111
40082119
40138994
40098319
40082211
40082269
3183269
40082332
40082346
40082453
40082455
40082456
40089486
40082478
40082613
40082674
40082705
40082728
40082716
40082720
40199479
40082827
40082894
40082932
40084326
40083017
40224669
40083065
40083090
40083127
40083138
40083140
40083177
40083202
40083231
40083253
40368956
40083305
40083336
40141348
40083373
40217202
40083425
40083440
40083437
40083461
40083480
40083554
40091776
40088809
40084423
40083858
40083897
40083885
40083940
40083956
40241952
40293232
40084025
40438337
40084049
40084047
40084105
40084154
40084171
40084270
40084295
40084300
40084351
40084368
40084388
40084412
40084409
40084413
40084500
40084518
40494688
40084526
40084538
40084549
40084577
40084581
40084680
40464235
40084767
40084779
40084800
40084808
40084881
40706238
40084965
40085003
40085039
40085061
40085075
40085093
40747938
40109869
40085203
40085296
40085231
40085247
40085310
40085339
40086333
40085427
40085521
40085544
40114990
40085592
40085624
40085644
40085683
40085726
40085747
40085797
40085799
40085807
40440653
40085843
40085914
40086069
40086080
40086089
40086113
40086163
40086165
40086175
40086188
40086189
40086289
40086394
40086389
40086455
40086517
40086573
40086588
40086586
40086618
40086629
40086681
40086715
40086735
40086764
40086794
40086896
40086907
40086952
40359440
40087602
40464273
40087003
40853654
40087037
40087049
40087080
40087090
40087130
40087129
40087165
40505692
40660403
40087586
40087286
40087293
40087306
40768565
40087382
40087416
40087465
40087480
40087478
40087485
40087530
40087536
40087533
40087545
40092068
40087561
40087606
40087610
40730905
40087725
40780407
40087854
40087892
40087902
40090478
40087942
40087969
40089026
40088020
40104028
40088045
40155287
40088076
40088091
40088092
40088123
40088129
40088138
40088136
40298516
40087667
40088209
40089131
40088275
40095372
40088401
40088428
40088438
40088456
40088477
40089727
40088524
40088527
40088561
40088560
40088575
40088585
40088619
40088639
40097894
40088697
40088734
40088756
40681138
40088793
40088810
40181999
40088861
40088872
40088886
40088910
40299575
40090095
40089022
40089048
40089091
40089102
40089156
40089208
40089215
40770828
40089236
40089317
40089325
40089353
40089363
40089371
40089580
40138448
40089628
40089645
40089674
40089677
40089711
40089729
40089762
40090722
40089768
40089820
40089827
40089865
40089872
40089883
40089927
40089956
40089971
40089994
40090103
40090188
40090196
40090208
40090220
40090317
40090349
40090362
40090391
40090498
40728694
40090553
40093560
40117422
40095042
40090590
40721854
40090689
40090766
40531622
40090767
40090801
40090880
40090938
40091024
40091040
40091067
40091071
40091133
40092078
40094804
40091217
40091238
40091352
40229589
40091423
40091418
40091479
40091498
40092921
40092084
40091554
40091559
40091592
40091587
40674348
40091696
40114571
40640113
40096072
40408269
40091775
40091791
40091825
40091839
40091860
40091881
40091911
40091914
40091964
40091984
40091986
40092013
40092016
40092044
40092038
40092050
40092062
40092183
40092197
40092198
40092272
40092334
40092366
40092355
40092393
40092408
40092473
40324923
40092470
40092483
40092487
40092530
40092575
40092582
40092594
40092663
40092668
40092700
40092796
40092855
40092868
40092893
40092959
40092996
40367630
40093012
40093032
40247209
40093034
40095381
40099530
40093093
40093108
40093167
40093169
40093171
40093214
40093227
40093253
40093319
40093335
40093422
40093445
40093448
40509022
40093496
40768000
40093549
40093562
40117663
40093623
40093697
40093735
40643672
40093741
40093773
40093793
40093830
40093870
40093888
40093891
10540898
40093940
40093929
40093976
40093988
40095732
40096107
40094146
40094149
40376161
40457044
40094210
40094225
40094270
40094275
40094312
40094324
40094333
40094398
40094428
40094434
40094445
40094466
40094485
40094486
40094519
40094624
40322214
40094648
40094655
40094693
40094720
40094722
40094748
40094755
40510382
40096178
40094857
40094855
40094867
40094877
40094921
40094983
40094992
40095165
40095166
40095205
40095207
40095220
40096284
40095278
40095293
40102799
40095332
40095344
40540199
40095370
40095393
40095401
40095449
40095490
40095491
40095496
40298729
40095508
40095522
40095538
40110473
40095647
40108218
40095851
40095856
40095870
40095886
40095899
40096226
40095999
40096033
40096053
40161897
40096108
40098280
40096217
40096223
40096227
40096306
40096321
40096323
40096329
40096332
40096346
40096400
40096399
40096452
40096468
40096505
40096544
40422657
40096662
40866374
40096786
40096792
40096797
40096809
40096825
40096835
40096840
40096851
40096885
40099324
40096904
40096940
40096943
40096973
40097012
40097037
40099280
40097052
40097109
40310272
40097121
40097125
40097205
40097214
40097412
40097430
40556124
40097465
40097491
40097504
40097514
40097581
40097601
40097605
40097610
40097658
40097649
40102196
40097669
40097676
40097702
40097811
40097859
40097879
40097884
40281189
40097984
40097998
40098011
40200999
40098093
40098096
40098136
40098157
40099713
40296474
40098254
40098282
40813796
40098299
40112002
40098324
40098343
40098366
40098433
40098478
40098496
40098508
40098512
40098515
40098528
40098558
40098565
40655379
40098576
40098578
40098600
40098659
40098660
40098700
40098679
40098698
40098724
40251138
40098804
40174896
40098842
40098839
40098851
40098872
40098882
40098901
40136228
40118863
40762255
40098946
40099094
40099105
40099206
40099222
40099242
40099346
40099374
40099414
40099431
40099435
40099503
40099510
40099522
40099548
40099621
40099622
40099620
40099643
40099752
40099764
40099774
40099781
40099787
40099820
40099835
40212798
40099849
40099862
40099902
40099945
40099977
40100003
40100007
40634321
40235542
40100158
40100176
40152192
40100269
40821852
40239173
40100373
40770498
10430017
40100457
40100467
40100526
40100524
40100581
40100662
40100718
40103036
40100859
40100889
40128570
40100898
40100922
40100960
40100962
40100979
40100984
40101004
40101043
40256435
40101079
40101122
40101124
40101167
40101216
40452236
40101270
40101303
40101316
40101335
40101348
40101359
40101409
40101424
40573948
40101631
40103826
40101690
40101738
40101753
40101766
40101888
40101891
40101892
40772771
40772763
40771415
40101902
40101924
40391839
40102032
40102179
40288446
40102182
23166355
40102291
40102276
40102306
40102351
40102401
40102442
40855014
40103138
40102588
40102596
40114423
40111604
40102716
40102759
40111083
40102742
40102760
40102801
40102818
40173874
40102857
40273511
40102913
40102912
40102952
40102955
40102956
40102974
40103003
40103029
40103026
40103057
40103045
40103050
40103062
34217273
40103089
40103122
40103117
40103121
40103153
40103156
40103223
40768881
40103298
40103300
40103318
40103331
40103359
40670281
40103402
40103405
40103485
40103512
40103511
40103653
40103682
40219745
40103750
40103833
40103864
5853861
40104036
40104009
40104049
40104092
40104110
40518077
40104246
40104253
40104311
40104392
40104369
40104404
40104454
40104475
40174463
40718303
40104500
40729288
40104557
40304102
40104611
40104632
40719515
40456447
40104674
40104750
40104754
40104848
40104930
40104937
40105024
40105040
40105083
40709273
40105137
40105145
40791521
40105178
40105190
40105192
40105189
3183152
40105211
40105226
40105228
40108253
40105279
40269133
40105346
40105406
40105434
40259651
40105450
40105492
40105516
40748124
40105534
40105592
40105591
40105624
40105643
40105656
40105675
40105691
40105735
40105768
40106356
40256155
40105869
40105873
40105926
39982618
40606012
40106050
40344427
40106061
40329114
40106116
40173632
40106121
40112336
40106220
40111116
40106320
40104787
40125138
40106408
40106437
40106443
40106678
40106684
40106686
40106722
40106743
40106776
40106764
40422157
40106900
40106840
40106848
40111027
40106926
40106934
40108624
40106994
40107010
40107068
40107074
40107091
40107132
40107134
40125214
40107149
40754517
40107206
40107210
40107211
40107220
40107238
40107266
40107296
40705421
40107341
40107400
40107388
40107392
40107418
40107429
40107427
40107449
40107522
40107616
40107618
40107684
40107692
40107707
40107717
40107742
40107764
40504195
40644249
40111790
40107858
40107870
40107857
40107879
40108651
40107912
40107980
40202492
40387469
40114266
40108079
40182457
40108146
40108199
40108229
40108278
40204458
40108330
40108374
40114018
40108410
40108414
40108472
40108499
40108503
40108553
40108574
40108569
40108588
40108594
40108607
40108664
40108680
40108700
40605527
40108708
40108715
40674799
40108790
2197541
40108830
15176073
40108908
40108936
10465963
40109000
24167635
40109156
40109049
40109058
40109075
40142890
40109171
40117177
40109198
40289819
40109245
40109257
40109298
40109299
5409672
40109330
1098830
40109338
40109373
40109392
40815691
40387779
40109460
40133249
40109493
40109565
40109573
40109591
40109608
40109648
40109650
40109676
40109703
40109764
40109803
40109814
40109824
40109937
40109979
40109962
40511604
40109985
40531301
40387559
40258682
40110113
40110176
40564328
40110255
40110345
40110356
40114318
40222273
40110371
40751514
40110432
40110454
40110466
40110475
40110489
40110506
40110512
40110518
40110524
40110577
6247460
40110629
40110630
40110640
40110646
40213585
40110775
40111226
40110821
40110843
40110856
40129954
40110942
40126247
40821750
40111033
40111042
40111040
40111074
40111081
40111098
40111105
40111140
40111162
40111256
40674524
40111495
40111542
40111555
40111550
40111592
14138487
4238329
40111647
40111679
40111753
40111776
40111789
40111785
40111787
40111830
40111836
40111838
40111868
40111886
40111889
40111915
40836123
40111925
40447018
40111934
40111980
40245035
40416420
40111998
40269257
40112018
40114925
40112201
40112230
40112263
40619762
40112308
40112326
40112365
40112372
40112383
40112386
40118456
40112479
40112484
40112498
40114157
40112578
40112612
40121273
40112676
40188200
40112702
40114482
40112762
40112767
40112770
40112779
40112777
40112782
40112786
40112800
40112792
40112808
40112919
40112923
40112937
34183277
40114672
40113075
40119559
40113122
40113135
40113154
40113186
40113266
40113258
40113288
40711491
40113298
40113380
40113377
40113679
40113461
40113543
40113596
40113625
40113662
40864656
40113683
40113746
40113735
40113754
40113816