P_MemberID
5282152
5281295
5281352
5281378
5281428
5281535
5312843
40596934
5282244
5282368
5282830
40182301
5283572
40409838
5283887
5284141
5284471
11052274
3017244
5284588
5284646
5284745
5284778
5284901
5284935
6541086
5284943
5284984
5285072
5399378
5285080
5285130
39984683
40083458
5285312
5285437
5285536
5357194
5285668
5285981
40217397
5286310
5286385
5286435
5286492
5286690
11052977
5287169
40647864
5287631
5719377
5288035
40769135
5288159
4116699
40420824
5288779
5288951
5289231
5289843
5514927
5289991
5290197
5290239
5290270
5290833
5290841
5290890
5291542
5291583
5291666
5291674
5291732
5291898
5291971
40448716
5292185
5292151
40487234
40498554
5292417
5292433
4702688
4770891
5292516
6693507
5292706
5292789
5294751
40466527
5293332
5293282
5293456
3412346
5293555
5344184
5294066
40219574
5294298
5294439
5294587
24192443
40066269
5294736
5294744
5294835
5294918
5295022
5295014
5295063
5295196
5295220
5295303
5295378
5295576
5295626
5295758
5295816
5295790
6610907
5296079
5296178
25402693
5296343
5300137
5296582
5296624
5296723
40159209
5297028
5531038
5297010
11055608
5297218
5297358
5427575
5297879
5298042
5341602
5341578
5584722
40758412
5299263
5299255
11066332
5299859
5299958
5299974
5300061
5300111
5300152
5300194
4321364
5617290
5301705
5301838
5301879
5301903
5302042
5302398
5302463
5302497
5302505
6153049
5302612
6151878
5302661
5335240
5303289
5303297
5303396
5303404
40170235
5303594
5303685
40683954
40767836
40676770
5348441
40676775
5304725
5304824
5304857
5305052
40132595
6459792
5305482
5305839
5305896
5306530
5306811
5307256
5307330
5307462
5307504
40202737
40179880
5308106
5308114
6862201
5321190
40383004
5308395
5308460
5308452
5308643
5542365
5308767
5308882
5308924
5309229
5309237
5309344
5309385
5309633
40417463
2467860
5309864
5310086
5922401
6156612
5311282
5311373
5311381
5311399
5311688
5311837
5433417
5311944
5312108
5312314
5312322
5312454
5313791
5482000
7076380
10196766
5314062
5314195
5314377
5314625
5314666
5314773
5314914
5314880
6688622
5315341
5315358
5315408
40011188
11060269
5315689
5315861
5315945
5438184
5316240
40066150
40066144
5316414
40358710
40227919
5316901
11081000
5552141
6001933
5317453
5317578
5317776
6754721
5318261
5318287
5318501
5318519
40139811
40074937
5319335
5319343
5319368
5319426
5319434
5319459
5347062
11061242
5319947
40815639
5320101
80094193
40114307
5320309
5320507
5320697
3003285
5321380
5321554
5323303
39977343
5322768
3436832
5323329
5323691
10519330
5656199
5324079
5324616
5325084
5325589
40224471
5325811
40693909
6448316
5326249
5326256
5326322
11062935
5326488
5326694
40056657
6123364
5327015
5327023
5327049
5327056
5327106
5327130
5327247
5327270
3319327
5327718
40708776
5327726
5327825
40212905
5353581
5327973
5328047
5328567
40125764
5328740
5329003
5329334
5329581
5329938
5329987
5330423
40132521
40240712
5331363
5331454
4712406
7057455
5332247
40106377
5332692
40057014
10068353
5333047
5332999
5333278
5333369
5333914
5333716
6012138
4320895
5333948
5334847
5334870
5334979
5335166
5335190
5335364
5366427
5335448
5335455
5335588
40302118
5335711
5335935
40076171
6113316
40098177
40679420
5336271
5834416
5341701
39994736
5336768
5336792
5336941
5337063
40747339
5337345
5337626
5338202
5338277
6422162
5340034
5340208
5340257
5340273
5340299
5340539
5340547
5340596
5341016
5343558
5341297
5341362
40323345
39998830
5372177
5836379
5834440
5341792
5341909
5342071
5342139
11066738
5342543
5342600
5742809
5349357
5343020
5343103
5353094
5535039
5343657
5343715
5343723
6943886
5343939
5343947
5343962
3865188
5344077
5720342
5344333
5344564
5344846
5344903
5343699
6002089
5344929
5345033
5345058
5345066
40364320
5345074
6057141
5345140
11067421
5350355
5345207
5345249
5345215
5604959
5345496
5345579
5345611
5345728
5345835
5345868
5345900
5345991
5346049
5346064
5346098
5346114
5346221
5346288
5356659
5346346
5346353
7098194
5346882
5346940
5346965
40465043
10917914
5996447
5347328
5347385
5347450
5352211
5347872
40662305
5348847
5348870
5368290
5348938
5349134
5349167
5349266
5349282
5691519
40301867
5349456
5349696
5492660
5349944
5349977
5350165
5350173
6770966
5350389
5350454
6827352
5364216
40722034
40157865
5398339
5351247
5668368
6569517
5475079
5351411
5351593
40030043
5352443
5352625
40840336
5353268
2792309
5353375
6091678
5353458
40275225
5353573
5353771
11069674
5353862
39967303
5354209
5354449
5354571
5354613
5355024
5355354
5355586
5355743
40217248
5355859
5356071
5356162
5356386
5356469
40221093
6333989
5846949
5415489
5415539
5450585
5834457
5357715
7062471
5358267
5358325
5358408
5421123
5358432
5358457
5358465
40527051
5358598
40856308
5358812
5358895
40317507
5359075
40061664
5359489
40252106
5359711
6528935
5359661
5359836
40091635
5359885
40173829
5360131
40673323
5360321
39963344
5360347
5899435
5404301
10160960
10203166
5360826
5366385
5361568
6083352
5361733
5362095
5362103
5362145
5362236
40534542
5362244
5362335
5614628
5651497
6287698
5362558
5362608
5362921
5362962
5363051
5363275
5454082
5364109
5364182
5364406
40453061
40442405
40079786
5364570
5364562
5364604
40214102
11072165
40060068
5365106
40171299
5365379
5682336
6473785
5365429
40105573
10648055
5365536
5365817
5418996
5366195
5366393
5371864
5366518
40527963
5366559
5366641
5367094
6970756
10977231
5367334
5367391
5367813
5367847
5367953
40223566
6996207
5368134
5379271
6349084
5368415
5368696
5368704
5368902
6833020
5369181
5369330
4321448
5369926
39951404
5370049
5370411
5370502
5370601
5370957
5371062
5371203
5333641
5371542
5371591
5371765
5371898
5372169
6308809
5373126
5373175
5373308
40344367
5373704
5373993
5374074
5374108
5374090
5374215
5374363
40773253
5374496
40521653
5374876
39948646
5375618
5375600
6915041
5375758
11001099
5786277
5376772
5376780
5376822
5807388
5376921
5377036
40227515
40475773
5377176
5377150
11075150
5377283
5377382
6079368
5377713
40241137
5377739
5377820
11075424
40279168
5378463
5378620
40717302
6629535
5379180
5379297
5379321
5379784
5379487
7002022
5379826
5380139
5379891
5379966
5379958
5380071
5380097
5380204
2926386
5380212
40348467
5380998
5381186
5381202
5494070
5381277
5381376
5381491
6737890
6430959
40147471
5382325
6071332
6575217
5384370
5716852
40321565
40278707
5382978
5383026
5383125
5918029
5383521
6432898
5383760
5383893
5383901
5384040
5384180
40258211
5896340
5384297
5384966
39958092
6698308
5385070
40304855
5385427
5385625
5385641
5385690
5385864
5385880
5386052
2418848
5386276
5386342
5386359
5386565
40752063
5386664
5386789
5386904
5387159
40481233
5387498
5418616
5387894
5387910
5388041
5388058
5388363
6520270
5388553
5388579
6761163
5426346
5388777
5389056
5389072
5389122
5389494
5399204
5389759
5390054
40702215
5390138
5390211
5390435
3730622
5390526
5390724
5390807
5390815
5390898
5390955
5390989
5391102
5391136
5790451
6837872
5391656
5391730
5392092
5392142
40192227
40263765
40404662
40111427
6007914
5392753
40753045
5392787
5393009
5393033
10610261
5393082
6193292
5393124
5393660
11126664
5393827
5393967
5393975
5394148
5394205
40215211
5394460
6432633
5394718
5394791
5395269
5395376
5395350
5395657
40036518
5396028
5396077
5396119
5396176
5396366
5396390
5396804
1106567
40724152
5397208
40720991
5397588
6388496
5398032
5398073
5798611
5398610
5399071
5399196
5399220
40424174
5399253
5399303
5399436
5031609
5399832
40129384
39992142
5506949
5400200
5400325
5400374
5400366
5637868
5405951
5400622
5401356
5401562
5401620
5401703
5656991
5402065
5402206
7078634
40238830
5402214
6331165
6605691
5402651
5403097
5403105
5403113
5403188
7072959
40243523
40398704
5403642
5403683
6645572
5403840
5403873
5403899
5403998
40767001
40738127
5404194
5652479
5404574
39988401
5405167
5405324
11053694
5405597
40153547
5405910
5406355
40119462
5406660
40099803
5407296
5407346
3491290
5407395
5407882
5407890
5407916
40577231
5408104
40650771
40650778
5942631
40311040
5408229
5408385
5408450
40227860
5408526
6172676
40140916
5408724
5408823
5408831
5409185
5409193
5409581
5409557
40516800
5409987
5410027
39954068
5410480
5410621
5410746
5410787
5410928
5410902
5410944
5411140
5411819
5411926
5412015
5412064
5412197
5412312
5412338
5412395
5412478
6869172
5412726
5412940
5412825
5407973
6824409
40227712
5414110
5414417
5414441
5414607
5414615
5414656
11063842
5414680
5414938
11084681
5415000
5415174
5415182
5415372
6157297
5415604
6130435
5416511
5416552
5416578
5416867
6380584
2429654
5417055
40112045
5417071
5417337
5417386
7089235
5417667
5417923
40186223
5418202
5468769
5418376
2328195
5418392
5418608
5418665
40160429
6898635
5418780
7091926
5419440
6212118
5419671
40118292
40111650
11085803
5420232
39993679
5420521
5420679
5420745
6004523
5420893
6938415
5421081
40101729
5421115
5421149
5421172
5421487
5421578
6937516
5421958
5421974
5421990
5422055
2880047
5471490
5422261
40493780
5422592
7051664
5422527
5422550
5422600
5422675
5422717
5422956
5644088
5423442
5580449
5424408
5424481
5424846
5424895
5425090
6455519
5425264
5425298
5425330
5477968
6017418
5425488
22104851
5515916
11087007
5425744
5425934
5425884
5425983
5426155
40032915
5426312
5426478
5426411
40518457
40745687
5427088
5427369
40432971
5427468
5427526
5427617
5427625
40102334
5427708
5427799
5428185
5428268
5428490
40735409
5429225
5429852
5434597
5430314
5430322
40412655
40707079
5430587
40033027
5430843
5431098
40641512
40421496
5431627
5431700
5431759
5432054
5431874
5432021
5432757
5432831
5432898
5432906
5433037
5433136
5433243
40040017
5433326
40134566
34123604
5433680
5433813
5433953
5434043
5434084
40334840
11088682
6030536
5434274
87250004
5434340
5434472
40582743
5435024
5435123
5435180
5622647
5435263
5435370
5435479
5512558
40725801
40319433
5436063
40152669
5436147
5528836
5436956
5474866
5437236
5437327
5648287
5437533
5437640
11089490
5438010
5438051
5438150
5438291
5438465
5438531
5438549
5438929
5439034
5439067
5439232
5439414
5439463
5439471
3247825
5914564
5439844
5442293
5440131
5479386
5440388
5440511
5440529
5440537
5440586
11033233
5440875
6328575
11059956
6194910
5441204
5441410
5441436
40712321
5441550
6620286
5441899
5442079
2315978
5442160
5442194
5818732
2112466
5442590
5442681
40472215
6422881
5442939
5442962
5442954
5442988
5443002
40429362
40202054
5443911
5443986
5444026
5444240
5444620
5444646
5444661
5444794
5444851
5449405
5445221
5445270
5445478
26447722
5445569
5445650
5445734
40139138
5445908
5445965
40430687
4941278
5722660
5446856
5447011
40707844
5447508
5447714
5447763
5447839
5447938
5448092
5458133
5448233
5459073
5448837
5945709
5449116
40094850
5449215
5611459
5449314
5960401
5449579
3497354
5775452
5449868
5449926
5450106
5450189
5450296
5450775
5450841
5450981
40501859
5451047
40480570
5451104
5451377
40396355
6207431
40142302
5451450
5451732
3812511
2320168
5987321
5452359
40514347
5452466
40047148
5456574
5452631
5452748
6397992
6156703
5462283
5453357
5453381
5453506
5453605
5453712
5986604
5454116
5454314
5454595
40102466
5454652
5454710
5454751
5454967
5455048
5536102
40059434
40464937
40716444
5455782
5456145
2509224
5456202
5456228
5456236
5456376
5456384
5456525
5456624
5460071
5456830
40777813
5494385
5456947
5457044
5457069
5457101
5457226
5457275
5457291
5457457
40478048
5457960
40323951
2501403
5458323
5458430
5458554
5458539
5458695
40416236
5090001
40315264
39971628
4995779
6576389
5459479
5459768
5459776
5670737
5459792
5459842
5459875
85999396
5459933
11093740
5578773
5460436
6933747
11093815
40644357
5460790
5460816
5461038
5461301
40678925
6538884
5461608
5461756
5461806
5722314
5915868
5462051
40756570
5462119
5538124
10801365
5462663
5462762
40367443
5462879
5462903
6395897
5463208
5463380
5463430
5634931
40304759
6450007
5463976
5464024
40146524
5464230
6571935
5577015
5464636
40143158
5464792
23212555
5464917
40197956
5465021
5465161
40776074
6978122
5556183
40257173
11094789
5689851
5465823
5465856
5465898
40542073
5465930
5507483
5466375
5466458
5466805
5466839
40255107
5466953
5467068
5259762
11095067
5467126
5467449
5467597
5467761
40140371
5529198
89058660
5500249
5468181
5526657
11095232
5468272
40119347
5468363
40309216
6774976
5501940
5468512
6557728
5468751
5468819
5468918
5478214
6426791
5468991
5469171
5811877
5469452
5480392
5469890
5469957
5470013
40139970
40674940
5470245
5511089
5470781
5470773
5471052
5471128
5471250
5471326
5471730
5471755
40059378
5472076
5472183
5472274
5972034
40020766
5472316
5472654
5480707
3426353
5496968
5950816
40675247
40187128
40459020
5473835
2336263
5474551
40536842
5474825
5689836
6648030
5475053
5475087
5475160
5475301
5475335
11097089
5475442
5475855
40086029
40229995
5476036
5476291
40107961
5476762
5476879
5551390
40024956
6319038
5477323
5477380
5490649
5477604
5477695
40235425
40412859
6177980
5478057
5478180
5478206
5478388
5478404
5971846
64103325
5478826
5478834
5478883
5931220
5479402
5479493
5571133
40214617
5479923
5493510
5480202
5551606
5515031
5480525
5490680
5480749
5480939
4904961
5481432
5481507
5481671
5481630
5491621
5481713
5482323
40121918
5482356
5482489
39990715
5573485
5543777
5482588
5482711
5482869
11122598
5483339
5483503
5483644
6273938
5483651
5483792
5483867
5483891
5484121
5484147
40346469
5484337
5484469
5484485
5484766
5484782
5484824
5484980
5485029
40355992
6369421
39977100
5485136
5485169
5485417
5485763
5485789
5486068
5486159
5489740
5486365
5486381
5486522
5486654
5486712
40049432
3488759
40692338
40086693
5487223
6586404
5487504
5487421
5487702
40722851
40416009
5488320
5488429
5488460
5488502
6192328
5488643
5883108
5489062
5489229
7045351
5489344
5489401
3430884
5489666
5489849
5489922
5490011
4182121
5490037
6967075
5490367
5490524
5490532
5495051
5490730
5490896
5490920
5490995
5491175
5491225
5491258
40291493
5491357
40778748
5491399
40018338
5491688
5964742
5491845
10911289
5492017
39967478
3557439
5492348
40771020
5492561
40472226
6828756
5492876
5492884
5526699
5492991
5493023
5493072
40551054
40314028
40551047
40313073
40536054
5493528
5493577
6132605
5493775
5493924
5494021
5494203
5494484
5494716
2559203
5495002
4442764
5495358
5495382
5495598
5495614
5495788
5495747
40168731
3897322
4285874
40517090
5593558
5215699
5496216
5496323
5496364
5496406
40361433
5496455
5496661
5497008
5700856
5497040
11102301
5497131
5497222
5497255
5497552
5497693
5497859
5498030
5498295
5498410
5498642
5498840
40291376
5499111
5499475
5499491
5499657
5499939
5500207
6819888
5500314
5500272
5500371
5500736
6743476
5500835
5500892
5500900
5500991
5501031
5501056
40165376
5903088
5501320
5501338
5501585
5501379
6393710
5501650
5514836
5669218
5501718
5502278
5502427
5502450
5515221
10710582
5502799
5502898
5503011
5503052
5503391
5503607
5503870
40520616
40687550
5504522
5504530
6386805
5504597
5504613
5504639
5505008
5505156
40276001
6883850
5505321
5963512
5505412
5505503
6702167
5505958
5506113
5506253
5523563
5506410
5506444
5506550
5506634
5506733
5506725
5506923
5507095
5507178
5545392
5545350
5545376
5510669
5507533
5507673
5507871
5507947
5507996
5508036
5508176
5508218
5508457
5508721
6597344
5508861
5508887
5509125
5509232
5509265
5509307
5509281
5509299
5748228
5509398
5509471
5509554
5509562
5509687
40094245
11105809
5509836
5509877
39979696
5509984
7068700
5918953
5510057
5797688
5522284
5812735
5524843
6180851
5510842
5510909
40157150
5511063
5511204
5511329
5511949
40169226
6256628
5512392
5512608
5512772
5512822
5512913
5513002
5513085
40246183
5513382
5513465
5513531
5513721
5513747
5513754
5514026
5514083
5860544
5514356
6628644
5514513
5514596
5514620
5514653
40056848
40002782
5514752
5584102
5515064
5515338
2263152
5515536
5515551
5515619
5515775
7103895
40673640
5516302
24288928
5516369
4096701
5516377
11107326
5598680
5517003
40633368
5813972
40398951
5517409
5517458
5517565
5517581
11107565
5517763
5517805
5517797
5517839
5517847
5517896
5681155
5984385
5517946
5522151
5518282
5518308
5518647
5518720
5518845
40674667
5721191
5519462
5526806
6805960
5519611
5519645
5519694
5519736
5519769
5519918
5519942
5519967
5519983
39960445
5703793
5520247
5520288
5520353
5525774
5520486
5521344
5521385
5211896
5521443
6690909
5521468
40201108
5521500
5528679
40290338
5521765
5521971
5522011
5522094
5522102
5522656
5523142
5523480
40493704
5523613
5523662
5523936
5524223
5524256
5524330
5524371
5524413
40613138
5524637
5530766
5524744
5524850
5524892
40656194
5525022
5525188
5525519
5525451
6719468
5525576
5525592
6558445
5526079
5526087
40253962
5808394
5526269
5526731
5526855
5526863
5527044
3029918
11088583
5527481
5527580
11112011
5527754
5527903
5528067
5528091
5528430
5528505
5528828
11110478
5529065
5529172
6960922
5529461
5529602
5529610
5529701
5529750
5529925
5529990
5530006
5530055
5530113
5530188
5544494
5530279
5530295
5530402
5530469
5530709
5530717
40149080
5530840
5531285
39995302
5531426
5531442
5531475
6284141
5531772
5531954
5532465
5532424
5532473
5532523
5532556
5532580
5532663
5532895
5532978
5533075
40681957
5533067
5562785
5533281
6511790
5533315
5533323
5533422
5533513
5533612
5533786
6682377
5534024
5534032
5913517
5534198
5534222
5534610
40827051
40328139
5534909
40530669
40349731
5534974
5535161
5535260
5535328
5535310
5535344
5535351
6543371
5535484
5535542
6525600
5535567
5535609
6314062
5535849
5535906
40493689
5536235
5536383
5536532
5537142
5537159
6000083
40002666
5537605
3815787
5537951
5538033
5538199
3327775
5538264
5538306
6239855
5538348
7104430
6629964
5538892
40821024
5539031
5539148
5539320
5539486
5539585
5539619
5539601
5539643
40267748
5539866
7014134
5539890
40454549
5540088
5540112
5540120
5540286
5540336
5540617
5540633
5540658
5564500
6725754
5706051
5541144
5541185
5641191
5541367
40741580
6474056
5541466
5541540
5541615
5541649
5541789
5541813
5541805
5541888
5541953
5542035
5542126
5551325
40039816
5542399
5542522
5611954
5542704
5542969
5542993
10815456
40716053
5543082
5543132
5543207
5543272
5666628
2943704
5543702
5543710
5543967
5544320
40139190
40150180
5544650
5544668
23304840
5545178
5545251
5545152
5545194
6666503
40470419
5554238
5545525
40744153
5545566
5545673
5545798
5545988
5556134
11100917
6192104
5546531
40799648
5546739
5546937
5546978
5547174
5547695
5938035
5547992
5548008
5548040
5548164
7075713
5548255
5634345
5548362
40113937
5548438
5548479
5548529
5548594
5548701
5548776
5549022
40121177
5549436
5549469
5549584
40013720
5549733
5549923
6701508
5550137
40189923
4667428
5550285
5569210
3335026
5550483
5550509
5550715
5550921
5965269
40100277
6822759
5559203
5551291
5551309
5551341
5551432
5551440
40411957
5551671
5551697
40348175
5552018
6009498
11116004
6732222
5552224
40159363
5552240
5582593
5552323
5552489
5554493
40067551
5558619
5552794
5552893
5553180
5593160
5553305
5553362
40313740
5553396
11116376
5554147
5554170
2894071
5554212
5572040
5876250
5554642
5554808
5555334
5555417
5555466
5555664
5555821
5555847
5556092
11111294
5556357
5645663
40222612
5557025
3968883
6031799
40305898
40586016
40305893
6259812
5557280
5557504
5557702
5557785
5558072
5558221
5558718
5558890
5559005
40046625
5559435
40381878
5559518
5559666
5559690
5559781
5559914
40445654
5559989
5560052
5560078
5560490
3566109
5778050
5560839
5560912
5560953
5560979
5561019
5268607
5561316
5561332
40676764
40334856
5561472
5561704
5561829
5561886
5562041
5562322
5562371
5562447
5562579
5562629
6577023
6215517
3858001
5563338
40681795
5563221
5563320
5563379
5563809
5563882
5574517
6630855
6729731
5564369
5564377
5564468
40451074
5564781
5572677
5564963
5565036
5565135
40227120
6197376
5565184
5565812
5565317
5565424
5565549
5565853
11152082
6162107
5566216
5566265
40630016
5566521
5566695
5586529
5566786
5566836
5566851
5567008
5567040
6514828
5567099
5567289
40689600
40308710
5567362
40104429
5567412
5567446
5567503
5567727
5567784
5568238
5568360
6137281
7021717
5568485
40504235
40749320
5568873
5568907
40280396
5579508
5569640
5667998
5569939
5570192
5570424
5570507
5570614
5926980
5571232
5571406
6431833
5571414
5571448
5765974
6073098
5571810
6047217
5571927
5572149
5563015
5572297
5572305
5572339
5572370
5884080
5572594
5592113
5572784
5572883
5573030
5572909
5572917
5622498
5572982
5598938
5573311
5573345
5851220
10758938
26197152
5573956
5574004
5574020
5574186
5575001
40518691
40159102
5575225
34888479
5575480
6480368
5575605
5575621
5575704
5575845
5575969
5563759
5576702
5577064
5669606
5577098
5577205
5577668
40725585
5743443
5578054
5578104
5786400
40250763
5578294
5578427
5578468
40134074
5720508
5578831
5579094
5579268
5579300
5579391
40630474
6826081
40378174
5579599
5859223
5579649
6839100
5586412
5579870
5579896
40749530
5580357
6886457
5580639
5580811
5580894
5580886
5580910
5580969
5612481
5584862
5593269
6471326
5581199
5581561
5581777
5647396
5582346
23306324
5582494
5582569
5582643
5710392
5583153
5583146
5583161
5583195
5583211
5583369
5583526
4435867
10095869
5583914
5583955
5583963
40120788
5604074
6867812
5584136
5584144
5584235
5589010
5584433
5584581
5584599
3100073
5916650
40211215
5584755
5584839
5612838
5612762
5870238
5585125
5585398
5585406
40009697
5585596
5585828
5585927
5585984
5586156
5586180
5804682
5630673
5586784
39975570
40401894
5587196
5587360
5587428
5587592
5587618
40482635
5587733
5593194
5587857
5587881
5588012
5588269
5588525
5588582
5594499
5588723
5588764
5588939
6879932
5589275
5589531
40123935
5589879
5589952
5594481
5605642
5590125
5590364
11125823
5590463
5590448
7091041
40805648
10117846
5590596
5590760
5590802
11125930
5590935
5591040
5591073
5591461
5591727
11126201
40678047
5591867
5592006
40467677
5592329
5592493
4601609
40109520
5592626
5655951
40493672
5592857
5883629
5592956
5593020
40516555
5593004
5593087
5593095
5593178
5593368
5593350
5593392
5764068
5593566
5593632
26155697
5593855
5593889
5594309
6760439
5594366
5597757
5594648
40463933
5594721
5594788
5594804
5595124
40149968
40140141
5595165
5597625
5595496
7011023
5595678
5595710
5595728
40363687
2873224
5595843
5595868
5596072
6098210
5596098
5596163
40646510
5613844
5596643
5596742
39977809
6962894
40802127
5596999
3671917
6055640
5597013
5597112
5597153
40193491
5597161
5597278
5597351
5597435
5597518
5597542
2435263
2547307
5598375
5598524
5598631
5598714
5598888
40512211
7122085
5609032
5599050
5599092
5599126
4698712
5599183
2415471
5611186
5599605
5599886
40261277
5599894
5613380
5600163
6558999
5600270
5600718
5609230
5601021
5601054
5601229
5601401
5824458
5601815
5601971
5602102
5602110
40106373
5602235
5602367
5602540
6449728
5602565
40148591
5602722
40874682
5602821
6029298
5602938
40001160
5603340
40134281
40134232
5603357
5603399
5603464
5603571
5603670
5603696
5603720
5603795
5612044
11120709
5604082
40737388
5604207
5606988
5614289
5604496
5604538
5604868
40533020
5604942
5605162
5605295
5605279
40748887
5605543
5605873
5605931
5605956
5606251
5606566
5606624
40648802
4044289
5607143
5607812
40070758
3796995
7097774
5608174
5608232
6752741
5608240
5608422
5608521
40284062
5608695
5609156
5979856
5609354
5609388
5609420
5667337
5609636
6688416
6088468
5610006
40677721
5610154
5610220
5610410
5610808
5610816
5610857
40261982
6588822
5611335
40433502
5611616
80546812
4734996
5611806
5611814
5612077
5612085
5612184
5612341
5612333
7002394
5612473
11132043
5682278
6212217
6089185
5612929
5613174
5613323
5613331
5613455
5613521
5613539
40169379
5613869
5613935
5613968
40307789
5614370
5614552
5614586
5614800
5615120
5615591
5615781
5616052
5616078
5642165
5616250
5616318
40314767
23238303
5616789
5616904
5616979
5617647
5617662
5617738
5617852
5618488
5637686
5618629
40403353
5619254
5619304
5619528
40260388
5619890
5619965
5872044
6343459
5620286
5620427
5620476
24072710
5620708
5621045
5621052
5621086
40766916
5785824
5621334
5926873
5621615
3879080
5633099
5622084
5622340
5622381
5622431
5622472
5622738
5622563
5622613
5622639
5622712
5831230
80001453
5622928
3552588
5623231
5623975
5624056
5658666
5624197
5624353
40193753
5645978
40010010
5624908
5624940
5625202
5625228
5625244
5625384
5965871
5625608
5625673
40105525
5626044
5626085
5626283
40387068
5626531
40187406
5626614
5626713
5626846
5626853
5626937
5626978
40731509
5627372
5627562
5627612
5628610
5636779
5737551
6839167
5628941
40176024
5629063
5629121
5629311
5629345
5629352
5629378
5629477
6423186
5629733
5629907
5629972
5630061
5630095
5630319
5630335
5630509
5630723
5630731
5630814
5631002
40466156
5631598
5631887
40824820
5632158
5632208
5632513
5927962
6729038
5632802
5632810
7089508
40173838
40285225
5633180
5633206
5633271
5633388
5633446
5633495
5633826
5633958
5652438
5674903
5634220
40014986
5634410
5634832
5653139
6432351
5635383
5635656
5635763
5636290
40178393
5636365
5636357
5636373
5636894
5636910
5636936
5636985
40041966
5636977
39945418
5637116
5637348
5637587
5977371
5637967
5638049
5639286
5638106
5638296
6262014
5638387
5638452
5638486
5638544
40197101
5643049
5638627
6485458
5638692
5638809
5638825
5639021
5639245
5639260
40160725
5639385
5639559
5646760
5645572
5649988
5640177
5640250
5640474
5640995
5641183
5765131
5641340
40029382
5641407
5646372
7044719
5641589
5641670
6866301
5641845
5641902
5642058
40415378
5642173
5642249
5642447
5642637
5642694
5642819
39952200
5642850
5625749
5667410
5643437
5643478
40371444
5643767
5643809
5643924
5643981
5644021
6810093
5644591
5644641
5644633
5652198
40011507
5644708
40363718
5644849
5714626
5645127
5645382
5645630
5645697
5645705
5645853
40474240
6669804
5646471
5646547
5646794
5646844
5646968
5647065
5647354
5647164
10231183
5883884
5647362
5647529
6844381
5647636
5647685
6585489
5647735
5647859
6576629
5648147
5652446
5648436
5648881
5648915
5649095
5649301
5649483
5154971
5649756
5651141
5714261
5650473
5650549
5981498
5650796
5654475
6813444
40215478
5651224
5651372
5651596
5651687
40028694
40286678
39949213
5652271
5652305
5652339
6412684
40290034
5652404
5671842
5652495
5652537
5652552
40345553
5652578
5652776
5652826
5652941
40404771
5653337
5653329
14148809
5653642
5653790
5653808
5693648
5654061
5654285
5654293
5654608
40759607
5654632
5654822
40747741
5654996
40118096
5655076
5655118
5655126
40251357
6835967
5655332
5655407
5655480
5655571
40339435
40710762
5655886
5655993
5656108
5656132
6476614
5656272
5656322
5656371
5656421
5656447
5656496
5656488
5656843
5656660
5678946
5656876
5707331
40654407
5656959
5656967
5656975
5671495
5657510
5657809
5657817
5657932
5657981
5658120
5658195
5674887
5663427
5658377
5658518
5658526
40295318
5658575
5658617
5658708
6851816
5659110
5683201
40031023
6536235
40195528
5664284
5659797
40342995
5660274
5660589
39976459
5660712
5660696
40218243
40741520
5660977
5661033
5661132
5661231
5661538
5675348
5661793
5662015
6832196
5662072
5662171
5662379
5662403
5662577
5662619
5662882
5662908
40650339
5700997
5663286
5663377
5663559
5663690
5730390
5663740
5711267
5664078
5664185
5664383
5664623
5664722
5664862
5664987
5665018
6296541
5665455
5666040
5666529
5666677
5666701
5672964
5666719
5666925
40428691
5667246
5667360
5667600
5667667
5667774
5667782
40368680
5667881
6100206
5667923
5668012
5668129
40162684
5701953
40314929
5696138
5668574
5668665
5668707
6315614
5668871
6125278
5669242
6183400
5670026
5713636
6639963
5670729
5857581
5670752
5671032
5753558
5671115
5671180
5671206
6195214
6493965
5671446
5671487
3064071
5671560
5671610
5671693
5671701
5719062
40027716
5894469
6573279
5690107
5672055
5672105
40495255
5672394
7003004
5672451
5707554
40673365
6710202
6710103
5672568
40669319
5672840
5704486
5657684
5673020
5673038
5673277
40474286
6143818
5688309
5673467
5673483
5773994
5673541
5673558
5673681
5685289
40182459
5673954
40175059
5674085
5674465
5674622
40530950
5674754
5674747
5674846
5680595
5674937
5651018
5675397
5675967
5676130
5676171
5676239
5719039
5676676
5676684
5676718
5677146
5998443
5677294
5698308
5677377
5677385
5677476
5966093
40242615
6699595
5766725
40131123
40173780
5678219
6517425
5783704
5678342
5678615
5742262
6145979
5679159
5679316
5679332
5679506
5727701
5680033
5680207
5680363
3933705
5680579
5680678
5680744
25399741
5680884
3975466
5681130
5681254
5681221
5681288
5681353
5681437
7052886
5681585
5681593
5812867
5682195
5682252
40509648
5779306
5682443
40131327
5683052
5783027
5690040
5683029
5683102
5692129
5905646
6121806
5706598
5684084
5684183
5684332
5684621
5684860
5690693
5685115
5711499
6458687
40700244
5685685
5685966
5685982
5686022
5686055
5686154
39995820
5686378
5686493
6114660
40632236
5687046
2886101
5687160
40383537
11094193
6111252
5687343
4323956
5707158
5688226
40276221
5689406
5802322
5689539
5689547
40039831
5933812
11109827
5689760
5704924
5690057
5701250
5947564
7023077
5690362
5690396
5752907
5690610
5690628
40476365
5690818
5690933
5690974
5691071
5691113
5691170
5691204
40688649
6142828
5691246
5691253
5724492
40535295
5691402
40326092
5695007
5691550
5691584
5691659
5702837
5691865
5692079
5711473
40544964
40104436
40219280
5692418
5692558
5692483
5712018
5857367
5697722
40383545
5692905
5692996
5693184
5693457
6615815
5693549
5693564
5693606
6132183
5693911
5801290
6931741
5694174
5694299
5694356
5694414
6296277
5694869
6264424
5695031
3861344
5695262
5695247
40710994
5695304
5695478
5695486
6203174
5787341
5695627
5695908
5696039
5696088
6084103
5751404
5714469
5696260
5696369
40637139
5696526
5696567
5696609
5696740
5696823
5697052
5697086
7030437
5697201
5697458
5697466
5697482
5697557
5697920
5698217
40631837
6914259
5698464
5698746
5699058
5699157
5699298
40175356
5798884
5699678
5699736
6762922
40324167
5699827
5699868
5699884
5700138
5700161
5700534
5700583
5700567
5700591
5700658
5700641
40361868
39956202
5700773
40691619
5701045
5701136
6794933
5701151
5701177
5701334
6129023
40249837
40208036
40479681
5702035
5702241
5702506
5702613
40006665
5702902
5702951
40291345
40120328
40122241
5703306
39971195
5703397
5703470
5703520
5703561
5703686
5703694
5703819
5703843
40323215
5704064
3656116
5704502
6251876
5704692
5704734
5704759
5704957
5705236
5705285
5705335
6161398
5705376
5705426
5705483
5717108
5705624
6112011
5705764
5705897
34061135
5705939
40327770
5706010
5706085
5706291
5713677
5706416
5706564
40177477
5706606
5706846
5706861
5706911
5697359
6469379
5707166
5707174
5707307
5707364
5707497
5707646
5707836
5707885
5736249
5708081
40069087
5708156
5708115
40858064
5708198
5708321
5708487
5708529
5708537
40380756
5708792
5726497
5708859
5746594
5709360
5709410
6095711
5709683
5755868
5721183
5710384
5717231
5710442
6766493
5710558
5716134
5710582
5710632
5710640
5710681
5749952
40239509
5710806
5710913
5711101
5716522
5711234
5711721
5711747
5711770
40670354
40538530
40768793
40774136
40755632
40534859
40774139
7134916
40197279
40735718
40379360
40682543
40218853
40538520
40787744
40539499
40538701
40536522
40528798
40345610
40218856
40528803
40539268
40306612
6907568
40724721
40694306
40014826
40708264
40183446
40774130
40755645
40724709
40538449
40761639
40617579
40731608
40539245
40695743
40696303
40695749
40670339
40514888
40216912
40767276
40536391
40713053
40720780
40539407
40755592
40733372
6799296
40672752
40293591
40681477
40690423
40670356
5711838
40566374
40538547
40536418
40724711
40539221
40538545
40566373
40237304
40072372
40237306
40716069
40674264
40670346
40774135
40086397
40538539
40720783
40708123
40688165
40538698
40645101
40781345
40539367
40302088
40539511
40774122
40379815
40538686
40538693
40743652
40546358
40537027
40731635
40042074
40539873
40169543
40538709
6777862
6663930
5711945
5711986
3041590
11081596
5712067
6369488
6840025
5715243
40286494
5712505
5712521
5712570
5712646
40161447
5712679
24290940
5712935
5725481
5713131
5713206
5713537
5713545
5713685
5713891
5713966
4240093
5714386
5714394
5714477
5714501
5714527
5714675
6941070
5714709
5714881
5715102
5715110
5715540
5715961
5716209
5730010
5716274
5716282
5716324
6456434
5716365
5716399
5716530
5716589
5716753
6788729
5716860
5716886
5717082
5717207
5717348
5717405
5717553
5717645
5717660
5717819
6536029
5718486
5718999
5720466
5719013
40773785
5719922
5719674
5719716
5722512
5719112
5719146
5719187
5734863
5802819
5719336
5719500
5719567
5719559
5719906
5720433
5720714
5791780
5720938
5748079
5737619
5721175
5721696
5721662
5721712
40334688
5764043
5722439
5722595
5722801
6313148
24221671
40258662
5723122
7132217
5723296
5723981
5724138
5724526
6881169
5724674
5724765
6795583
5724955
5724989
40364587
6453753
40181713
5725630
5725895
5725960
5725978
5725986
5726299
5726463
5764183
5731075
5726901
5727065
5727453
5727479
5727842
5728154
5728220
5728287
5728337
40097953
5728378
5728683
5728717
5728832
5729046
5729210
5729418
5729509
5740175
5729822
5729830
6035030
40582461
5736793
40095989
5730036
6556670
5730606
5730689
5730788
5730887
5860320
5731430
5731489
5731505
5731620
40630028
5732032
40030200
39947039
5732594
5732834
6461467
40002491
5733089
5733329
5934844
6446153
5733550
5733600
5733691
5733857
6185009
6955799
5734079
5734210
5734251
5734269
40739776
6429316
5734897
5735126
5735530
5735423
5735696
24291153
5735720
5735761
6837377
39989081
40709331
6915025
5736108
5736157
5736165
5736199
40131075
40061198
5736447
5736470
5736678
5736728
5736884
5737171
5737270
6369405
40241938
5737742
5916379
5737858
40275849
5738138
5738351
23319137
5744292
40208375
5738989
5739037
6750380
5739177
5739193
40328499
5739359
6551101
5747543
5739789
40208803
5750695
5740068
5740225
5740381
5740522
5740530
5740563
5740621
6188995
5740951
40124834
5741454
5741652
5741942
5742510
5742783
5745281
5742999
5743039
40162415
40031069
40031062
40153426
5744193
5744243
5920942
5744722
5744672
5744680
5745083
5745109
5745315
5745489
5745513
5745620
5745844
5747360
40341641
5746123
40738855
5746255
6068502
5746644
5746826
5746917
5747238
40804307
5747345
5747634
3355909
4375386
5747717
40128374
5747741
5747824
5747881
5748046
5748095
5830430
5748608
5748681
5748798
40261893
5749325
5749515
24161307
40236853
5773895
5750331
5750257
5750539
40437917
5750984
40518090
5751453
5751537
5751602
5752006
5752188
40287937
5752147
40132335
5753160
5752857
5752972
39987443
5753038
5753111
40088448
6227777
5753780
5754101
5754200
5754192
5754275
5754523
5754572
40683511
5755033
5755355
5755397
5755520
6590398
5755678
5755991
6343657
40281423
5756270
5756320
40171877
5756882
5757153
5757252
5757302
5757609
40560698
5788620
5757872
5758136
5758466
5758482
5758888
5758979
5758995
5759050
5759118
5759274
5759340
5759571
5759845
5775585
5760207
5760199
40418361
40517189
5760686
5760702
7044818
40158637
40007478
6012609
5761338
10310771
5761718
5761809
5761858
5761908
40509485
5762112
5762203
5762336
5762252
6658104
5762377
5762427
40456096
5771808
5762633
5762682
5762708
5762799
5762849
5762948
5762997
40010922
40097334
5763268
5763417
5763490
5763656
5763789
5763920
5764118
5764282
40815461
5764597
5764589
5764878
5764894
5764936
5765669
6612150
5765776
5765818
5765891
5765917
40222109
5765941
5765990
5775528
40120789
40615932
15504282
5766881
5776328
6283291
5777102
5767079
5767129
6701110
40482718
5815878
6455204
5767814
5767822
40273718
25161430
39950916
5768614
5768788
5768820
5768903
5768945
5769588
6601468
5769794
5770057
5770198
5770206
5770701
5770586
5770842
5770859
3698183
87654817
5778993
5859959
5771428
5771527
5771550
5771667
5771683
6024430
40171050
5772228
5772335
6028910
5772327
5772434
5772517
6378406
5772731
5772764
5772871
5772897
5772939
6521880
5773382
5773424
5773606
5773838
40240283
5773861
5774158
5792184
5774471
5774497
5774604
10554345
5774752
40247915
40294180
5775023
5775130
5775221
40770427
5775288
5775437
5775486
5775734
5775551
5775601
5775650
5794891
5789453
5775817
5780536
5776013
5776120
5776245
40160616
5805242
5776450
40728338
5776575
40526884
5776831
5961805
6628560
5777235
5777409
5777664
5792127
5777722
5777870
5777995
5778100
5778373
5778381
5778431
5778449
5778597
5778902
5778910
40114649
5883322
83021540
5779157
5850768
5779272
5779470
5779488
5779751
5779942
5780312
5780650
5780692
5818989
5781005
5781112
5781203
5781286
40514336
5781500
5781690
5782037
5782409
5782466
40651346
40651320
5782540
5782706
5782839
5782920
5783076
5783068
5821736
40073643
5783241
5783266
5783381
5783480
6577106
5820704
5783845
40135642
6318501
40135437
39954468
5784215
5784280
5784579
5784702
5784769
5784967
5785071
5789099
6933374
5786673
5786723
5786996
5787101
5787093
5787234
5787606
5787648
5787705
40721325
6112219
5788034
5788117
5788257
5788463
5788711
5789115
5789180
5938894
5789529
6537720
40287748
40496931
5790162
40496373
6326744
40640936
5791210
5791426
5791475
5791558
5791673
5791871
5791996
40178696
5792408
5792416
5792515
5792580
5792614
10089110
40038916
5792853
5792861
6098962
5792952
5792994
40734915
40815755
5793190
40495191
5793240
5793547
40217307
5793620
5793653
5793919
40105849
6015784
5793935
5793943
5794206
5794305
5794297
5794396
5839118
5794867
5795997
5796193
5796383
5797498
40350438
6217778
5796839
40668352
5797373
40492144
5797514
5836064
5798306
5798876
5798900
5799064
40453948
5799247
5799254
5799262
6374835
5799452
5799759
40260132
5799908
5800078
5801555
5800847
5801126
5801258
5801415
5801449
5801456
5801506
5801514
5998633
40169853
5801779
5801845
5801928
5802256
5841445
5716894
5802181
2963835
5802454
5802462
5802595
5802603
5950667
5802777
5802801
5802850
5802900
5803023
5803205
5803312
5803379
40212871
5803437
5803551
6131052
5803684
5803882
5803858
5804039
5804146
6615823
5804765
5804823
5805028
5805069
5805416
40171606
5805754
6631721
5805804
5805838
5805911
40098963
5806315
5806232
5806406
40516240
5806422
5806489
5806661
5806901
5806943
5807081
5807321
5833863
5807420
5807495
5807503
5807651
5807693
5807826
5843656
5808212
5808261
6174607
5808329
5808493
5808618
6728428
5808774
39999414
5809533
5809558
5809772
10744706
5810432
5810481
5810523
40020342
40750839
10745596
40769851
5811000
5811042
5811117
5811158
5811182
5811299
5811489
5811836
40193700
6124792
10746610
5812404
5820894
5813022
5813055
5813089
5813097
5813246
6413427
5813212
5813386
5813519
5813550
5813717
5814087
40752742
40103741
10749887
5814566
2262071
5815530
10790634
5815605
40329163
5815647
5815654
5815662
5815852
5826719
5815993
5816017
5816074
5816819
5818500
5817296
5817304
5817346
5817478
5817577
40770521
5818229
5818245
5818294
5818328
5863811
5818468
5818567
5831065
5818880
5819250
5819508
5819714
40708023
5830398
5976217
5820308
5820332
5820712
5820829
40446536
5821777
5945576
5891119
5822007
5822296
5822528
5823054
5823146
5823393
5823443
5823716
5823799
5823872
5823948
5824052
5823997
5824037
5824169
40016986
5824219
5833046
5824284
6360404
4954578
5824995
5825133
40346326
5826024
40474158
5826248
40766477
40696774
5843847
5827311
5827428
5827600
5827774
5827907
5828046
5828566
5849851
5863191
5829531
5829523
40123226
6428490
5830349
5830695
5830968
5979419
5831081
6325134
5831248
40509455
40344942
6918037
40170912
5831537
5831784
5831792
5831867
5831859
5831909
40139603
5831966
40150340
5832014
40123339
5832345
4325688
5832402
5940593
5832444
6199539
5832741
5832790
5832865
40244171
5833228
6546663
39961239
5833269
5833301
40031227
5853358
5833517
5833582
6762815
6469999
5834127
5834085
5834119
5834382
5834507
5834655
5834994
5835017
5835066
5835397
5941690
6673509
5836148
5836205
40442064
5836593
34127696
5837062
40532508
5837153
5837203
40628491
5837344
5853929
5837690
6133058
5910836
5838151
40284387
5873513
40105722
40197742
23239269
5838771
5838904
40087141
5839126
5839159
6148809
5839639
5839704
5840181
40063345
5840728
5841122
40390294
5841320
5844605
5841759
40423741
10603142
5841973
6246066
5842138
5842419
5842872
5843078
5843102
5843193
5843243
40181030
5843516
5852780
5843821
5843862
5843896
6038158
5844183
5844217
5844423
5844456
5844480
5844597
5844720
5845388
5845404
5845727
5845644
5846568
5847400
5846857
40189946
5847194
5847202
40744058
10790907
5847582
5847541
5847574
40022900
5847715
5847996
10791509
5848200
5848325
5848333
5848721
5848804
5848820
5874065
5849182
40674097
5849281
5849299
5849661
5849695
5898098
5849877
40720868
5849976
5850123
5850180
5850578
5850602
5850727
5869099
40310180
5850982
40265508
40719333
5851477
5851527
5851592
5851840
5851899
5851949
5852095
5852152
5852434
5852491
6666644
5852517
40810110
5852665
6971473
5852913
5853168
6178780
5853531
40049605
39978736
5854190
5854281
40089782
6690321
5854331
5854448
5854521
6628867
5854638
5854646
5854711
5854737
5893487
5854778
5854786
5854810
5854919
5854901
40222507
5860551
40411531
5855619
5855791
5855999
5857136
5857490
5857516
5857847
5858100
40371652
5858555
5858621
6527952
5859678
6536938
5859728
5859769
5860221
5861229
5861328
5861518
40443564
5880096
40643873
5861963
5862425
5862565
5862573
5862847
10672956
5863118
5863217
5863332
5863423
5863472
5863498
6098871
6096230
5864124
40043065
5864520
5864702
5864744
5864835
5865048
5865394
5865428
14074260
5865642
5865774
5865808
40136479
40323633
6985051
5866087
5866152
5866178
5866194
5866327
5914788
5866590
5866707
5866731
5866780
5866897
5866905
5867051
40157165
5867457
5867614
5867648
40630882
5869487
5867952
40159155
39986900
5977033
40695437
5868653
5868810
5868935
6928085
5868976
40029524
5868992
5869172
5869313
5869743
5869883
6066365
5870006
5870055
5870097
5870105
5870535
5870683
6721241
5870717
5870790
5870931
40453874
40223280
5871426
5964627
6301671
40659294
5871673
5871681
5871905
5872457
5872564
5872580
5898908
5873091
40815898
5873471
5873521
40463404
5873703
5873661
5874024
40809810
5874206
5874222
5874453
5874552
40790597
5874883
5875146
5875104
5875187
6378588
5875377
6943548
40157655
5884361
5875880
6460113
5876276
5876458
5876540
5876664
5876722
5876730
40674881
5876748
5876961
5877019
40684056
5877167
5877217
5877241
5877704
5877779
5877936
5877951
5877977
5878017
5878033
5878207
5878272
5878314
5930404
5878595
5878694
5878801
5878793
6484832
6012039
5888289
5879593
39996963
5879601
5879650
5879775
5879791
5879825
39957031
5880138
5880633
5880740
5880773
5881094
5881110
5881243
5881581
5882035
5882142
40388634
5882332
5882449
5908186
5883231
40441472
5883314
5883421
40411826
5883611
40740400
5883728
5883785
5883843
5883959
5884031
5891861
5884452
5884510
5884536
5884700
5884718
5885038
40043662
5884858
5884874
3315622
5885012
5885137
5885186
5885319
5887687
5899542
10555805
5885855
6168021
5917286
40079260
5886101
5886218
40057766
6976159
5886465
5886747
5936856
5888008
5888107
5888198
40731427
5911065
5889378
5889485
5889584
40197133
5889717
5890111
5890137
5890160
5890319
5912444
10086900
5890541
5890715
5890863
5891093
5891259
5891374
5891457
5920637
5891630
5891796
5892083
5892190
5892331
5995944
6004184
5892570
5892596
5909507
5948331
14091132
5892752
5892828
5892992
40644292
5893222
5893248
5893339
5893412
5893503
6241059
5893701
5902627
40043910
5894071
5894238
5894253
5955534
5894477
5894527
5894733
14092676
39958363
5905380
39970884
39973778
5942235
5895482
5895680
40031451
5999581
6408377
5896647
5896720
40543551
5896738
5896753
5896894
14094276
5896977
7095919
5897868
5897330
40227013
5897595
40834216
5941427
5897983
40676082
5898114
5898213
5944033
5899005
5899047
7057323
5899229
5899518
40516180
5899690
6768556
5899898
5899948
5900084
5900324
40198595
5901447
40018390
6423145
14096057
5938381
40179393
6001925
5901835
5901918
5925735
5902023
5902163
5902361
40233778
40058982
5902569
5902957
5919894
5926626
5903310
5903633
5904300
5903872
40097748
6894329
40217007
5905141
5904052
14098731
5616680
5904813
5904839
5905042
5957647
5994673
6027748
5905356
5966028
40031008
5905562
5954321
5995761
5905752
5906016
5906149
5906214
5906628
5907089
5907196
5907279
5907311
5907535
5907709
6185017
5920454
5908467
5908483
6048488
5908590
6161018
5908830
5931782
5908905
5908947
5909127
5909325
5909317
5909341
5909432
5909440
5909473
5947804
6482695
5909861
5909879
5910034
5910455
5910547
6900142
5910828
6079566
6378901
40732458
5911412
5983379
6005272
5911669
5911685
5911693
5911719
5912154
6826636
14103242
5911974
5912113
5912220
5912311
5912790
5940999
5912816
40742162
5912931
5912972
5913186
40014102
5913566
5913780
5913962
5913996
5914036
5914044
5914101
5914127
5914184
5914283
5914663
5951236
2162909
5914937
5915215
34074617
5915405
5915462
5916031
5916163
6113787
5916262
5916544
5916601
40462751
5916858
5917369
5917427
5917476
5917591
5917617
5917633
10526442
5917864
5918060
5918128
5918318
5918409
5918607
5919092
5919233
5935908
5919621
40425900
40134102
5920231
14156448
3249375
5947937
5920579
5920587
5920645
5920678
5920769
5920868
5920926
40195935
5920983
5920991
40166323
5921304
40537817
40813980
40198856
5921841
6707794
5956573
5922369
40616458
5922385
5922427
40419281
5922468
40019496
40291959
5922591
5923300
5923367
5923409
5923847
5958868
40709379
14159582
5923953
40280710
6398537
4552745
5924696
5924761
6010298
5924811
5925156
5925263
5973545
5925438
7045666
5995688
6377549
5925974
5926469
5988725
5926857
40321544
40708750
6035329
5927186
5927152
5992636
5927343
5927376
40673529
40353565
40742128
5927848
6209247
5928499
5927228
5928689
5948448
5928952
5928960
5928986
40222203
5941294
5929364
5929398
5929638
5929893
5930016
5930040
5930123
5930164
5930487
5930552
5930511
5930560
5930529
5930602
5930628
5930636
5930669
5930685
7058156
5942508
5930925
5931170
5931329
40409137
5983510
6157206
5932012
5932137
5932327
5932467
40410145
5932707
14134452
5932988
14155325
5933317
5933382
5933853
5934166
5934265
5934703
5934661
5934810
40019355
40815329
5935023
5935114
5935155
5935643
5935668
5935700
5936039
5972620
6691725
40216306
5936526
5936542
39954943
39955050
5936625
39955034
39954850
39954594
39955250
40169720
39955093
5937011
5937110
5937094
5937607
5937599
5937623
5937722
5937847
5938019
6862367
5938209
5938241
6014621
40828948
5938746
5938639
5938654
14160010
5939108
5939306
40091202
40066561
5941021
6316257
5941245
5941641
5941732
5941765
5941849
5941963
5942003
40192726
6878652
7117168
5942151
5942177
6000992
5942292
5942318
6569434
5942680
5942870
40827479
5943019
5943159
5943316
5943332
5943514
6187716
5943621
40771355
40509583
5944108
5944181
10439935
40050941
6011270
5944645
5944850
5944918
5945014
6284653
5945477
5957712
5946020
40120658
5946301
5946368
5946525
5946764
39959885
5947010
5947119
5947523
5947663
5948232
5948521
5948679
10614081
5949073
5949297
5949438
5949487
5949503
40315960
5949669
5963173
5949826
5949859
5949909
40180325
5950568
5950774
5950782
10685404
5950956
5951046
6272369
5953406
6216564
5951574
5951665
5951921
5952135
5952416
5952564
14172346
5952804
5955906
5983486
5953018
5953224
5953232
5953273
5953356
5968800
5953976
40490268
5954271
5954560
6006171
5979625
5954784
5954792
5954867
6681346
5954982
5955013
5955179
40687575
5955872
5955864
5955898
5955930
5956052
6428813
5956243
5956326
40051483
14546325
5956714
5977249
5956797
40750494
6179788
40285969
40427011
5969352
40540617
5957852
40531578
40523097
40123754
5958488
5959031
5959080
5959213
5959296
40814474
5979286
5959569
5989921
5959692
5959957
5960070
5960161
5960179
5960195
5960294
5960336
5997106
5960690
5960757
5961060
40257005
5961383
40692671
5961987
5994921
6816066
40719139
5985549
5962241
5962589
5962548
40807581
5962928
5962993
5975912
5963033
6038653
40000623
6006684
6717645
5963645
5963736
5964023
5964064
40756013
5964072
5964221
5964346
5964528
5964551
87771694
5964692
5964759
6382713
40040500
5965178
5965277
5965301
5965319
5965335
5965525
5965624
40092568
40079790
5966168
5966176
40070895
5966275
5966846
5966911
5966945
5967125
5967489
5967646
5967687
40268557
6078493
40436986
5968354
1341164
5968826
6755777
6012245
5969105
5969121
5969147
5969188
6276899
5969394
5969527
5969543
5969634
5969667
6006577
5970095
40082284
5970202
5970269
5970335
5970434
5970442
5970640
5995407
5970863
5971010
40699098
5971093
5971259
5971283
5971358
5971382
5971754
6574251
5972075
5972133
6061416
5972356
5972430
5972653
6767665
5972885
5972950
5972935
5973040
6004614
5973453
40483904
6682070
5974089
5974162
5974212
5974246
5974279
5974485
5974568
6004226
5974683
5974931
6767459
5975102
5975185
6819086
40170346
5975375
5975607
5975649
5975797
5975904
5975938
5976019
5976050
5976134
5976274
5976282
5976290
5990044
40427864
5976597
5976753
5976852
11116939
40250696
15335380
5977025
5977058
40580815
5927673
5977330
5977637
40460724
6208801
5978148
6069054
5978353
5978684
5978999
6983759
5979385
5979526
5979559
40530446
40327928
5979583
5979658
5979849
5980011
5992313
5980383
5980482
5980573
6166454
5980946
5981431
5981555
5981928
5982215
6191569
40045328
5983072
5983270
5983346
5983353
40016329
5983759
5983767
87997752
5984724
5984898
5985010
6290403
5985176
5985374
5991380
5985440
5985564
5985580
40528785
5985663
5985838
6073247
40470047
5985937
5986018
5986141
5986208
40329923
5986257
15305177
5986356
6036202
40726423
40675819
40197817
6271189
5987214
5987404
5994251
5987636
6035238
6007823
5987909
5988220
5988378
5988477
6378851
5988873
40373587
5989293
6182642
5989327
5989632
5989806
6012385
5989988
5990598
5990747
5990838
34222448
5991281
6649376
5991646
5991687
5991695
5991711
5991836
10787028
5992107
5992438
5992487
40170174
5992669
6329045
5993121
5993113
6189035
5993287
6004937
5993436
5993907
5993915
5994079
6567362
5994186
5994277
5994343
5994798
5994806
5994814
5994822
5994947
40632691
5995357
5995373
40712655
5995597
5995720
40076595
5995852
6085274
40004311
40433282
40332065
5996967
5997239
5997270
5997403
5997833
5998104
40369383
5998179
5998344
6817023
5998419
5998484
5998823
6000141
6000430
6000455
6000737
6000950
6014555
6001115
6001107
6001156
6001255
6001677
6016253
6002063
6002154
6002196
6002477
6002568
6002600
6002709
6002741
40430185
6002915
39972381
6026732
40209723
6003335
6003988
6004069
6004085
6004267
6004275
6065797
6004333
6004465
6004804
6004887
6004952
6005330
6005603
6005611
6005710
6005728
6005884
6006098
6006494
6006718
40749772
6006908
6048785
26156844
6007294
6007302
6007468
6007476
6007518
6007575
6007716
6007872
6007948
40433612
6941021
6008011
6008276
5385047
6008334
6008383
6008409
6041707
6008722
6008755
6008813
6008920
40783074
6052696
6009548
6009613
6009654
6009696
6009787
40204283
6010249
40556146
6010454
15315283
6010728
6010801
40250301
6011023
6011106
6011189
6011205
6018929
40096431
6011486
6011593
6011916
6163907
6011981
6462267
40503741
6012807
6012864
6012872
6012963
6013037
6013029
6013227
6013201
6013235
6013409
6013417
6013466
40117147
6013755
6013979
40340024
6014407
6016956
6202705
6044875
6014670
6014688
6014829
40504925
6014985
40542959
40255360
6015362
6015644
6015677
39957693
6036400
15318758
6015966
6015982
6016147
6016386
6016451
40357311
6702589
40705216
40267539
6016931
6016964
6017038
40526091
6017251
6038190
6017335
6017434
6017509
6017582
6017756
40673326
6017954
6017962
40106102
6021188
6018309
40325560
6018358
6018598
6018770
6018986
6019034
40126991
6034397
6019141
6019604
6019869
6020222
6020842
6020867
6020891
6020933
6020966
6021014
6021238
6021287
6229286
6021329
6021352
6021402
6021659
6021915
6022038
6702456
6027581
40631795
6065169
6022715
6022905
40429879
6022939
6023010
6639138
6023382
40741051
6023598
6023648
6023705
6023895
6023952
6112680
6024125
6024208
6024331
40017282
6024612
40069659
6024661
6025098
6025270
6025346
40685365
6025957
6026062
6026070
6026252
6026245
6026286
6026534
40545626
6026773
6026807
40237912
6054916
6026948
6026963
6027003
6027177
6027342
40379581
39949111
6027755
6027805
6853663
6027839
6027987
2164277
6028167
6028266
6028324
40046572
6539403
6028498
40768142
6028597
6028761
6028787
6029140
6029371
6029702
6030007
6030304
6030221
40373950
6030320
6033803
40143587
6030890
40164366
6030932
6030973
6031450
6031518
6031534
6031625
6031716
6031807
40447653
6031815
6031831
24143867
6032102
6032235
6032458
6032615
6032698
6032888
6033001
6033159
6033787
6033977
6034066
6034215
6034421
6034538
6034587
6081463
40529544
6034686
6077917
6221630
6034884
6035014
6035212
40451995
39966306
6035790
6035808
6035832
6036350
6036228
40072105
6036343
6036459
6036533
6036574
6036723
6036921
6036954
6037036
6037101
6037333
6037432
6037556
6037978
6037952
6037960
6047779
6038331
6038356
6038406
6038521
6038539
6038695
6038877
6038901
6038885
4892406
40414480
6076968
6039313
6776435
40235885
6039354
6039446
6039560
6039644
6039727
6040089
40130490
6040097
6040121
40350531
6040766
6041079
6041434
6041673
6041723
6041772
6041780
6041913
6042218
6042226
6042242
6042267
6042283
6042572
6042788
6043000
6043125
6043158
6043257
6043703
6043729
6043844
6044115
40079920
6044297
6044321
6044420
6044438
40610648
40367060
6044495
6044537
6044578
6044644
6044693
6044925
6045039
6045153
6045567
6045591
6056853
6045732
6045831
6070771
6045922
6045997
80034488