P_ProfileID
3032
11810915
11214680
603329
11660049
609238
11810547
610090
1121873
1120591
11213719
868886
143791
158224
610327
869723
1156835
18101274
11341829
40022007
1010656
11289640
157927
140535
40398222
751696
1059542
259229
1143720
40366828
1050755
776156
717101
11641132
151640
1138060
11399416
11387862
1141084
259234
65881
40400647
11490401
11824638
11806426
11649834
889044
40408799
1028375
103296
1098396
229750
304448
1139101
11394604
11201478
306877
11778576
11213196
11066888
306988
666240
11517732
158718
40377128
354251
11697237
30625
11614157
1030115
40289430
11829557
11684771
40264304
11484294
1035497
1037246
1033260
40417152
866578
1160331
893420
40544236
355899
11826639
11800465
501141
502744
604319
11637825
11642264
11396266
49513
40260502
299309
296307
11687604
40537928
107434
1082439
350460
11811096
40075598
40073959
263733
11054458
419372
11869115
302840
40379436
152254
146185
40274495
490435
11390870
1140542
1140404
1009629
11089836
107088
1078769
1080363
11401286
1138279
1138650
1055532
935768
11803673
11821865
40710839
11825460
11503279
504869
155708
1097706
851674
158735
146226
156220
40149015
11079120
40667385
40370160
11226389
40134451
40119401
11106585
1095636
11028198
40394345
294515
11204503
66372
503437
503344
40154694
40545039
11092036
147992
40242650
40771963
1156211
501846
498779
503977
11871307
11724345
1137230
11823502
145070
11418188
292831
1097562
30016
11687986
18102030
232596
11110249
1108815
40050044
40153878
501940
1050868
1065018
1063733
260099
11215661
1061667
403855
11691458
40720317
310131
11803815
11805554
394604
502160
498133
11048701
40152116
11061491
228477
11682824
11318697
499456
500998
502267
495860
48860
11727349
11739742
229083
224278
40752994
11806430
40551457
11845191
11074953
11035672
40075133
588822
11873121
11578491
11831126
11794592
228991
11410351
1142003
11742242
11743427
40488221
11434804
11915362
1105556
1142385
11793398
214039
817646
260559
66870
658692
40441255
724722
823994
480226
1119090
11183964
40296824
354814
65622
658300
40167402
11804121
11766170
11406271
656751
40759128
263404
853311
60309
1119525
501316
40192660
40231185
40437257
1139775
1051502
1050101
40128181
1138697
412530
23021
498776
113909
158761
40094479
11911717
11887950
859508
40228525
11867190
11799402
11817842
11406287
11492500
284978
11887507
40788143
40790661
11715860
488747
1051506
105401
1050614
40650093
27223
1046703
1053584
11743121
11817469
502602
505351
501321
499562
497277
20476
866550
40545777
872968
11515694
40376411
497809
40778862
222507
315385
11748833
502486
18102041
49343
40105586
488748
500914
40209602
40215457
355177
11681549
40061892
40127030
40138331
11433809
40413168
40528992
11624490
11763590
11864200
11670504
40431123
1081399
1138881
11743937
1012103
40282089
11717328
11716793
11400392
1108227
40071806
1050493
1050363
1158803
11118793
11095891
40384998
343833
40595651
1064577
337759
40136023
40140711
40133470
11815653
11800119
11567040
11752669
11897113
11687611
11856772
11855177
342582
11706128
40375514
11594481
11810780
11911233
11740023
251660
152356
11311469
11108832
1108476
40042444
40277130
40747080
1010160
40212716
40046471
232515
11117784
11726119
40102670
11789250
40186251
11118065
500247
502911
495958
40429486
273586
777089
11863766
11498573
11578913
1109073
1130642
11832552
40306707
295065
611195
155182
201408
1111620
223943
718316
847635
11089828
11717737
309134
40287803
11088601
40285984
11749274
1057949
11305885
1110484
39999095
1159580
11904264
40317999
1046348
1050605
11779536
11852119
11887951
119062
11403212
11573889
11365986
11111172
35963
40313766
11588434
11861283
1110264
11098433
1049972
1049707
11795686
1069905
11582889
1053337
11096771
11099652
40089044
607426
2277
11086820
11796060
40419441
40549993
39999495
335842
40432937
11857965
11877877
1107994
33530
446818
11745252
11649841
11709324
40305160
11851933
22695
1111291
11607803
116834
11659191
288222
11572547
1157775
1000286
40544239
957953
1049446
1049703
552732
22376
11845985
1026326
920752
11713177
40147224
311700
315687
11657711
733964
74159
412109
11734300
11745210
11600188
11853327
231017
1111770
11712702
559436
562323
11378613
546802
40314035
11855352
1051377
357689
11865096
11501008
11839998
11516709
11866354
11642268
11733538
40748989
11580597
84842
606304
21769
498876
499887
1110348
1109333
11786724
504066
500984
503632
501201
496082
498332
505454
501423
11495897
349122
517642
1109848
496844
11572066
11603306
1156663
175202
11852202
86322
28236
40428985
1032819
1030477
1222843
765417
11838382
516020
508997
1047494
40373197
1008198
337980
1083628
1055274
1051764
40317088
1008787
11395863
40385566
11784944
1156790
328485
32467
11294325
353839
358209
350277
11840246
40481846
337301
40383416
40373273
40145810
33475
11774920
11739511
40230000
1053574
40466733
223948
11409380
39965330
768926
11878863
11106188
626081
11436407
11450579
303376
11783081
867985
11512657
166825
11848441
11867368
11087306
328217
24442
11901490
11910837
11728559
40378424
511990
511317
30710
208704
11072910
58053
343126
338395
339177
1008073
643448
1108716
1099763
11580118
1027340
554976
508322
510960
507890
1110796
28127
40485616
40303997
11698771
11687513
40262396
11417774
11889985
11758808
197834
40302634
40112876
40118042
861665
508946
511489
513681
438265
11565270
11837940
40372395
1108194
832729
40371239
11841347
517518
508205
513470
40178268
11082154
11084639
1109457
11581079
145273
157309
518657
514633
513574
508741
511840
497686
11889627
11898709
131053
11706528
1108780
299534
11653602
1108545
503738
498211
11606405
40407051
854796
301811
742476
11512517
867991
498006
117645
11856954
40302386
11751942
11090286
517725
512981
506568
11588828
511152
32124
226355
1052501
40362744
976728
1121216
40316771
11750396
11769699
11107779
11746731
1153558
1001052
1012983
11739964
874127
874784
868840
1057193
1099322
496504
499892
1008511
11576160
225093
500356
504829
11834906
11875284
1110311
11635598
18105194
11891242
11901073
495845
500348
935525
854793
511314
512930
506080
344317
40058598
40061464
863910
1110705
11599188
11855379
11745762
230179
904272
849249
899510
930125
1060678
106554
45151
1108147
11772101
11540535
109844
40715252
11775246
11709930
1050367
40777544
1108669
11091469
505433
834612
517215
512656
512766
1097903
1100247
629911
496501
504399
49506
1009299
666670
11601854
11492979
504183
1009169
510627
506408
512002
517808
496180
497906
18101149
45574
937266
568381
11683428
303439
514629
505878
11118540
502585
1050087
1049837
11888793
11114799
11116782
291264
301532
306922
268789
40166157
40422349
633634
1028257
40226334
40320384
1004055
1038593
40218993
259562
266595
11605526
295226
1011829
545975
547721
296707
509385
508537
507248
509322
11116742
1108816
11739300
11729669
499896
514897
515418
509280
506248
836346
499658
11097057
928907
504502
865911
204279
64781
737911
76043
40165816
822316
632699
942723
18104587
173082
876579
1477
40263670
11514767
40167579
11758312
223096
1058648
11469900
1143772
46112
1058365
1059678
1107952
11388302
11410802
18100563
157719
634715
1068576
1065955
40091903
11435148
40148070
512473
513677
510453
516115
513892
505772
542574
277343
281619
40539016
600524
1047789
1053489
40316840
40309156
11436589
858672
1144291
11785821
659719
11105340
1106607
38635
40176114
11570177
18101155
514364
922666
1059249
11794452
173735
209165
257719
1142048
40227153
544856
11764007
563931
863259
11119270
11466026
11452846
741544
1086882
1119229
40145971
40156084
506081
508841
507469
1025305
177448
11251593
281766
11787970
920718
922424
11279631
11818098
546478
285740
11307986
1142433
508423
510964
511482
507571
454866
718245
11438698
11124866
18101188
293400
306686
306687
306427
31149
11767352
291768
1052418
975188
1026439
40446666
40231123
11719227
1029019
533054
290864
11093835
1026303
511319
509059
506820
512482
11434805
18104959
559560
40265139
502259
157188
11503220
40314164
40231007
1110226
11335965
40353234
40471901
11696625
552382
1062899
968887
312421
1067365
11844654
18105046
11807914
11828963
40154246
40140472
1051943